1  ,0  
2  ,131
3  ,131
4  ,122
5  ,135
6  ,126
7  ,135
8  ,147
9  ,147
10 ,139
11 ,120
12 ,92 
13 ,74 
14 ,66 
15 ,66 
16 ,76 
17 ,76 
18 ,76 
19 ,78 
20 ,82 
21 ,82 
22 ,100
23 ,100
24 ,104
25 ,106
26 ,106
27 ,102
28 ,118
29 ,96 
30 ,100
31 ,100
32 ,110
33 ,112
34 ,106
35 ,104
36 ,104
37 ,38 
38 ,100
39 ,100
40 ,112
41 ,98 
42 ,98 
43 ,98 
44 ,100
45 ,100
46 ,98 
47 ,104
48 ,98 
49 ,106
50 ,110
51 ,110
52 ,106
53 ,106
54 ,104
55 ,106
56 ,104
57 ,106
58 ,104
59 ,106
60 ,102
61 ,80 
62 ,76 
63 ,80 
64 ,92 
65 ,106
66 ,122
67 ,131
68 ,131
69 ,131
70 ,126
71 ,120
72 ,120
73 ,131
74 ,131
75 ,122
76 ,122
77 ,126
78 ,135
79 ,137
80 ,159
81 ,159
82 ,169
83 ,96 
84 ,94 
85 ,76 
86 ,76 
87 ,76 
88 ,92 
89 ,82 
90 ,82 
91 ,82 
92 ,88 
93 ,90 
94 ,90 
95 ,98 
96 ,100
97 ,98 
98 ,96 
99 ,90 
100,0  
101,137
102,137
103,139
104,137
105,137
106,137
107,145
108,147
109,159
110,151
111,139
112,120
113,88 
114,80 
115,80 
116,84 
117,82 
118,78 
119,82 
120,92 
121,94 
122,102
123,104
124,108
125,108
126,108
127,110
128,118
129,110
130,110
131,110
132,110
133,112
134,112
135,106
136,106
137,108
138,108
139,110
140,114
141,114
142,110
143,108
144,110
145,110
146,110
147,106
148,104
149,106
150,110
151,110
152,110
153,108
154,108
155,106
156,106
157,106
158,106
159,106
160,106
161,98 
162,86 
163,86 
164,92 
165,106
166,129
167,139
168,131
169,131
170,131
171,133
172,135
173,135
174,135
175,133
176,133
177,133
178,137
179,155
180,201
181,203
182,201
183,169
184,110
185,92 
186,92 
187,92 
188,98 
189,94 
190,98 
191,98 
192,100
193,100
194,100
195,100
196,104
197,100
198,96 
199,90 
200,36 
201,137
202,139
203,139
204,137
205,137
206,145
207,149
208,147
209,147
210,147
211,137
212,120
213,88 
214,72 
215,72 
216,82 
217,86 
218,82 
219,82 
220,84 
221,86 
222,98 
223,100
224,108
225,108
226,108
227,110
228,110
229,110
230,110
231,110
232,112
233,112
234,112
235,110
236,108
237,110
238,110
239,114
240,114
241,114
242,114
243,110
244,110
245,108
246,106
247,106
248,104
249,106
250,102
251,114
252,108
253,108
254,108
255,106
256,106
257,106
258,106
259,106
260,106
261,84 
262,86 
263,88 
264,92 
265,92 
266,129
267,133
268,133
269,133
270,133
271,137
272,137
273,137
274,135
275,133
276,133
277,133
278,133
279,135
280,163
281,201
282,201
283,195
284,169
285,92 
286,92 
287,94 
288,98 
289,100
290,102
291,102
292,100
293,100
294,104
295,104
296,104
297,98 
298,76 
299,36 
300,30 
301,137
302,139
303,139
304,139
305,137
306,137
307,145
308,145
309,145
310,145
311,133
312,106
313,82 
314,78 
315,80 
316,80 
317,86 
318,84 
319,86 
320,86 
321,90 
322,98 
323,100
324,102
325,102
326,108
327,108
328,110
329,110
330,112
331,112
332,112
333,112
334,112
335,112
336,110
337,110
338,110
339,114
340,114
341,114
342,110
343,110
344,110
345,106
346,104
347,104
348,110
349,116
350,102
351,114
352,108
353,108
354,108
355,108
356,108
357,108
358,108
359,108
360,106
361,98 
362,90 
363,88 
364,88 
365,90 
366,118
367,129
368,129
369,129
370,141
371,141
372,141
373,137
374,135
375,135
376,133
377,133
378,131
379,129
380,131
381,199
382,199
383,199
384,189
385,92 
386,92 
387,94 
388,98 
389,100
390,100
391,102
392,100
393,102
394,106
395,108
396,100
397,70 
398,48 
399,38 
400,30 
401,137
402,143
403,141
404,139
405,139
406,143
407,145
408,147
409,145
410,141
411,133
412,112
413,76 
414,76 
415,78 
416,78 
417,86 
418,84 
419,86 
420,84 
421,86 
422,90 
423,100
424,100
425,106
426,108
427,108
428,110
429,110
430,112
431,112
432,112
433,112
434,112
435,112
436,110
437,110
438,114
439,114
440,110
441,108
442,108
443,116
444,112
445,104
446,94 
447,94 
448,112
449,116
450,118
451,118
452,112
453,108
454,108
455,108
456,108
457,110
458,108
459,108
460,106
461,98 
462,96 
463,90 
464,90 
465,92 
466,118
467,129
468,131
469,139
470,141
471,141
472,141
473,141
474,137
475,137
476,135
477,133
478,133
479,126
480,126
481,129
482,199
483,207
484,195
485,189
486,92 
487,92 
488,94 
489,100
490,102
491,102
492,102
493,106
494,108
495,110
496,70 
497,40 
498,38 
499,38 
500,34 
501,126
502,141
503,145
504,141
505,145
506,143
507,145
508,145
509,145
510,141
511,139
512,112
513,76 
514,76 
515,82 
516,82 
517,86 
518,76 
519,80 
520,82 
521,90 
522,98 
523,98 
524,100
525,106
526,108
527,108
528,108
529,112
530,112
531,112
532,110
533,110
534,110
535,108
536,108
537,110
538,110
539,110
540,110
541,108
542,108
543,106
544,104
545,100
546,94 
547,94 
548,106
549,108
550,112
551,112
552,112
553,106
554,106
555,108
556,108
557,108
558,108
559,108
560,106
561,100
562,96 
563,90 
564,84 
565,88 
566,116
567,118
568,129
569,139
570,139
571,141
572,139
573,139
574,137
575,137
576,135
577,133
578,133
579,131
580,126
581,126
582,131
583,199
584,207
585,191
586,126
587,92 
588,94 
589,98 
590,100
591,100
592,104
593,106
594,106
595,70 
596,52 
597,38 
598,38 
599,40 
600,38 
601,143
602,145
603,145
604,145
605,145
606,147
607,145
608,145
609,145
610,143
611,141
612,114
613,76 
614,76 
615,76 
616,82 
617,76 
618,76 
619,76 
620,82 
621,90 
622,98 
623,98 
624,108
625,112
626,112
627,112
628,104
629,110
630,106
631,110
632,110
633,110
634,110
635,104
636,104
637,104
638,112
639,110
640,108
641,100
642,104
643,104
644,104
645,100
646,100
647,100
648,102
649,108
650,112
651,110
652,110
653,106
654,108
655,108
656,106
657,106
658,106
659,106
660,102
661,96 
662,94 
663,92 
664,84 
665,92 
666,110
667,124
668,137
669,139
670,139
671,139
672,137
673,137
674,137
675,135
676,135
677,135
678,135
679,133
680,126
681,124
682,126
683,185
684,199
685,199
686,189
687,98 
688,92 
689,92 
690,96 
691,100
692,104
693,102
694,70 
695,52 
696,38 
697,38 
698,38 
699,46 
700,42 
701,126
702,143
703,145
704,149
705,153
706,153
707,149
708,149
709,149
710,145
711,139
712,120
713,84 
714,76 
715,78 
716,86 
717,88 
718,88 
719,82 
720,84 
721,84 
722,98 
723,98 
724,100
725,112
726,106
727,112
728,106
729,110
730,106
731,110
732,108
733,110
734,108
735,108
736,106
737,108
738,110
739,110
740,106
741,106
742,104
743,104
744,104
745,100
746,100
747,100
748,100
749,100
750,106
751,108
752,106
753,106
754,106
755,110
756,106
757,106
758,106
759,104
760,102
761,96 
762,94 
763,98 
764,98 
765,98 
766,110
767,124
768,131
769,137
770,139
771,139
772,137
773,135
774,135
775,133
776,133
777,135
778,135
779,133
780,126
781,124
782,126
783,149
784,199
785,213
786,213
787,139
788,96 
789,92 
790,92 
791,92 
792,102
793,74 
794,34 
795,36 
796,36 
797,40 
798,40 
799,42 
800,32 
801,135
802,147
803,143
804,145
805,141
806,141
807,141
808,149
809,143
810,143
811,135
812,120
813,84 
814,76 
815,78 
816,80 
817,82 
818,74 
819,80 
820,80 
821,80 
822,96 
823,98 
824,100
825,106
826,100
827,104
828,106
829,108
830,108
831,110
832,108
833,110
834,110
835,112
836,108
837,108
838,108
839,108
840,106
841,112
842,112
843,112
844,104
845,104
846,102
847,102
848,100
849,100
850,100
851,102
852,104
853,104
854,106
855,110
856,106
857,106
858,102
859,104
860,102
861,96 
862,98 
863,98 
864,98 
865,98 
866,106
867,120
868,126
869,131
870,135
871,135
872,137
873,135
874,135
875,135
876,133
877,133
878,131
879,129
880,124
881,124
882,124
883,143
884,183
885,213
886,213
887,207
888,96 
889,92 
890,92 
891,88 
892,56 
893,34 
894,34 
895,36 
896,40 
897,40 
898,40 
899,36 
900,32 
901,135
902,143
903,143
904,143
905,141
906,129
907,129
908,129
909,126
910,135
911,120
912,118
913,84 
914,78 
915,78 
916,80 
917,86 
918,88 
919,80 
920,80 
921,80 
922,96 
923,100
924,100
925,106
926,100
927,104
928,106
929,106
930,110
931,110
932,110
933,110
934,108
935,112
936,108
937,108
938,108
939,108
940,118
941,118
942,120
943,129
944,135
945,151
946,159
947,153
948,141
949,102
950,102
951,102
952,104
953,104
954,104
955,110
956,110
957,106
958,106
959,104
960,104
961,92 
962,98 
963,98 
964,98 
965,98 
966,106
967,116
968,120
969,126
970,129
971,139
972,143
973,139
974,135
975,135
976,131
977,131
978,129
979,124
980,124
981,122
982,120
983,126
984,143
985,205
986,213
987,209
988,116
989,90 
990,88 
991,76 
992,40 
993,32 
994,32 
995,36 
996,40 
997,40 
998,36 
999,34 
1000,32 
1001,139
1002,143
1003,143
1004,141
1005,133
1006,120
1007,122
1008,122
1009,126
1010,139
1011,120
1012,116
1013,84 
1014,78 
1015,78 
1016,80 
1017,82 
1018,82 
1019,78 
1020,78 
1021,88 
1022,98 
1023,108
1024,108
1025,108
1026,106
1027,106
1028,106
1029,106
1030,110
1031,110
1032,108
1033,110
1034,120
1035,120
1036,108
1037,104
1038,108
1039,108
1040,116
1041,118
1042,129
1043,135
1044,151
1045,153
1046,159
1047,159
1048,159
1049,165
1050,157
1051,145
1052,104
1053,104
1054,106
1055,106
1056,106
1057,106
1058,104
1059,106
1060,104
1061,96 
1062,98 
1063,84 
1064,94 
1065,94 
1066,110
1067,118
1068,116
1069,126
1070,126
1071,135
1072,143
1073,139
1074,137
1075,135
1076,131
1077,129
1078,124
1079,124
1080,120
1081,120
1082,120
1083,126
1084,126
1085,193
1086,209
1087,197
1088,161
1089,98 
1090,74 
1091,38 
1092,38 
1093,32 
1094,38 
1095,38 
1096,40 
1097,36 
1098,34 
1099,34 
1100,34 
1101,139
1102,143
1103,143
1104,133
1105,120
1106,118
1107,122
1108,139
1109,145
1110,143
1111,126
1112,116
1113,72 
1114,70 
1115,76 
1116,80 
1117,82 
1118,82 
1119,82 
1120,82 
1121,82 
1122,98 
1123,108
1124,108
1125,108
1126,106
1127,106
1128,106
1129,106
1130,108
1131,108
1132,108
1133,110
1134,120
1135,120
1136,104
1137,104
1138,110
1139,116
1140,110
1141,118
1142,129
1143,135
1144,147
1145,157
1146,163
1147,165
1148,165
1149,165
1150,157
1151,157
1152,149
1153,118
1154,114
1155,106
1156,106
1157,106
1158,102
1159,102
1160,96 
1161,94 
1162,94 
1163,86 
1164,92 
1165,94 
1166,112
1167,118
1168,112
1169,126
1170,126
1171,129
1172,129
1173,133
1174,133
1175,131
1176,126
1177,126
1178,124
1179,122
1180,120
1181,120
1182,120
1183,120
1184,126
1185,165
1186,193
1187,197
1188,191
1189,84 
1190,48 
1191,38 
1192,38 
1193,38 
1194,38 
1195,38 
1196,38 
1197,34 
1198,34 
1199,34 
1200,34 
1201,133
1202,139
1203,137
1204,116
1205,108
1206,110
1207,133
1208,139
1209,147
1210,143
1211,139
1212,114
1213,72 
1214,68 
1215,76 
1216,82 
1217,82 
1218,82 
1219,82 
1220,82 
1221,76 
1222,88 
1223,98 
1224,104
1225,108
1226,108
1227,106
1228,106
1229,106
1230,106
1231,106
1232,106
1233,102
1234,112
1235,106
1236,102
1237,100
1238,104
1239,110
1240,110
1241,114
1242,124
1243,135
1244,143
1245,147
1246,151
1247,165
1248,165
1249,165
1250,157
1251,171
1252,169
1253,171
1254,169
1255,114
1256,102
1257,98 
1258,96 
1259,98 
1260,96 
1261,96 
1262,86 
1263,82 
1264,90 
1265,104
1266,118
1267,118
1268,126
1269,126
1270,120
1271,126
1272,129
1273,133
1274,143
1275,137
1276,129
1277,126
1278,122
1279,122
1280,122
1281,122
1282,122
1283,120
1284,120
1285,126
1286,167
1287,183
1288,161
1289,82 
1290,44 
1291,34 
1292,38 
1293,38 
1294,42 
1295,42 
1296,42 
1297,34 
1298,34 
1299,36 
1300,24 
1301,133
1302,141
1303,133
1304,94 
1305,94 
1306,108
1307,133
1308,145
1309,149
1310,145
1311,141
1312,114
1313,72 
1314,68 
1315,66 
1316,80 
1317,82 
1318,82 
1319,82 
1320,82 
1321,82 
1322,84 
1323,92 
1324,104
1325,104
1326,104
1327,102
1328,100
1329,104
1330,106
1331,104
1332,88 
1333,96 
1334,102
1335,102
1336,102
1337,102
1338,102
1339,110
1340,110
1341,114
1342,124
1343,135
1344,137
1345,145
1346,159
1347,165
1348,165
1349,159
1350,159
1351,171
1352,175
1353,177
1354,183
1355,181
1356,106
1357,96 
1358,94 
1359,94 
1360,90 
1361,86 
1362,82 
1363,78 
1364,82 
1365,94 
1366,108
1367,118
1368,126
1369,126
1370,120
1371,118
1372,118
1373,126
1374,143
1375,129
1376,129
1377,126
1378,126
1379,124
1380,122
1381,122
1382,122
1383,120
1384,120
1385,120
1386,126
1387,137
1388,98 
1389,48 
1390,36 
1391,36 
1392,38 
1393,38 
1394,38 
1395,42 
1396,42 
1397,44 
1398,38 
1399,44 
1400,24 
1401,110
1402,133
1403,110
1404,78 
1405,84 
1406,106
1407,139
1408,145
1409,149
1410,145
1411,141
1412,114
1413,78 
1414,62 
1415,62 
1416,74 
1417,82 
1418,84 
1419,84 
1420,84 
1421,84 
1422,88 
1423,94 
1424,104
1425,104
1426,104
1427,102
1428,104
1429,106
1430,106
1431,92 
1432,88 
1433,92 
1434,102
1435,102
1436,102
1437,102
1438,102
1439,108
1440,110
1441,114
1442,120
1443,126
1444,139
1445,143
1446,149
1447,159
1448,169
1449,171
1450,179
1451,179
1452,177
1453,177
1454,183
1455,183
1456,183
1457,145
1458,86 
1459,80 
1460,82 
1461,82 
1462,82 
1463,78 
1464,80 
1465,82 
1466,108
1467,135
1468,135
1469,133
1470,124
1471,118
1472,96 
1473,116
1474,126
1475,126
1476,129
1477,129
1478,126
1479,124
1480,122
1481,124
1482,124
1483,122
1484,120
1485,126
1486,126
1487,100
1488,46 
1489,34 
1490,36 
1491,36 
1492,38 
1493,36 
1494,36 
1495,42 
1496,42 
1497,50 
1498,42 
1499,44 
1500,24 
1501,110
1502,129
1503,78 
1504,70 
1505,76 
1506,108
1507,139
1508,145
1509,149
1510,145
1511,143
1512,114
1513,74 
1514,60 
1515,60 
1516,70 
1517,82 
1518,84 
1519,84 
1520,84 
1521,88 
1522,88 
1523,96 
1524,104
1525,104
1526,102
1527,100
1528,100
1529,104
1530,92 
1531,90 
1532,90 
1533,92 
1534,100
1535,102
1536,102
1537,104
1538,116
1539,114
1540,106
1541,106
1542,114
1543,124
1544,129
1545,139
1546,149
1547,167
1548,171
1549,171
1550,179
1551,179
1552,177
1553,179
1554,185
1555,185
1556,203
1557,199
1558,187
1559,80 
1560,80 
1561,80 
1562,86 
1563,82 
1564,82 
1565,82 
1566,108
1567,124
1568,133
1569,133
1570,126
1571,116
1572,86 
1573,90 
1574,114
1575,126
1576,126
1577,129
1578,126
1579,122
1580,122
1581,124
1582,126
1583,126
1584,126
1585,118
1586,116
1587,46 
1588,34 
1589,36 
1590,38 
1591,38 
1592,38 
1593,36 
1594,34 
1595,36 
1596,52 
1597,50 
1598,46 
1599,50 
1600,42 
1601,110
1602,110
1603,72 
1604,68 
1605,70 
1606,100
1607,126
1608,145
1609,147
1610,145
1611,143
1612,114
1613,80 
1614,68 
1615,62 
1616,70 
1617,80 
1618,82 
1619,84 
1620,86 
1621,90 
1622,90 
1623,96 
1624,96 
1625,100
1626,100
1627,104
1628,100
1629,100
1630,92 
1631,92 
1632,92 
1633,90 
1634,100
1635,100
1636,102
1637,104
1638,112
1639,112
1640,114
1641,112
1642,122
1643,122
1644,133
1645,137
1646,143
1647,161
1648,169
1649,171
1650,181
1651,189
1652,189
1653,189
1654,191
1655,195
1656,203
1657,201
1658,203
1659,187
1660,80 
1661,80 
1662,80 
1663,78 
1664,80 
1665,82 
1666,108
1667,133
1668,135
1669,133
1670,133
1671,116
1672,84 
1673,84 
1674,106
1675,116
1676,126
1677,126
1678,126
1679,122
1680,122
1681,124
1682,124
1683,126
1684,126
1685,116
1686,46 
1687,38 
1688,40 
1689,40 
1690,38 
1691,38 
1692,38 
1693,36 
1694,38 
1695,42 
1696,52 
1697,52 
1698,68 
1699,129
1700,129
1701,78 
1702,78 
1703,72 
1704,70 
1705,72 
1706,100
1707,126
1708,145
1709,145
1710,145
1711,137
1712,110
1713,74 
1714,70 
1715,64 
1716,70 
1717,78 
1718,82 
1719,82 
1720,82 
1721,78 
1722,76 
1723,96 
1724,96 
1725,96 
1726,104
1727,104
1728,98 
1729,94 
1730,92 
1731,92 
1732,92 
1733,90 
1734,96 
1735,100
1736,102
1737,114
1738,114
1739,112
1740,112
1741,104
1742,120
1743,122
1744,129
1745,137
1746,139
1747,143
1748,167
1749,181
1750,183
1751,191
1752,199
1753,191
1754,193
1755,193
1756,197
1757,197
1758,197
1759,197
1760,124
1761,80 
1762,78 
1763,76 
1764,78 
1765,82 
1766,104
1767,126
1768,133
1769,135
1770,133
1771,118
1772,84 
1773,70 
1774,70 
1775,106
1776,122
1777,126
1778,126
1779,124
1780,124
1781,124
1782,124
1783,124
1784,116
1785,78 
1786,34 
1787,34 
1788,40 
1789,40 
1790,38 
1791,38 
1792,38 
1793,38 
1794,40 
1795,42 
1796,54 
1797,68 
1798,100
1799,126
1800,126
1801,74 
1802,74 
1803,74 
1804,72 
1805,72 
1806,100
1807,133
1808,145
1809,147
1810,147
1811,141
1812,110
1813,70 
1814,70 
1815,68 
1816,72 
1817,78 
1818,80 
1819,82 
1820,82 
1821,84 
1822,76 
1823,96 
1824,96 
1825,104
1826,104
1827,104
1828,94 
1829,94 
1830,92 
1831,92 
1832,92 
1833,90 
1834,90 
1835,90 
1836,104
1837,114
1838,112
1839,112
1840,114
1841,114
1842,122
1843,122
1844,135
1845,135
1846,139
1847,139
1848,161
1849,183
1850,191
1851,193
1852,199
1853,195
1854,193
1855,189
1856,189
1857,197
1858,197
1859,197
1860,191
1861,153
1862,74 
1863,62 
1864,78 
1865,78 
1866,108
1867,135
1868,135
1869,135
1870,133
1871,118
1872,86 
1873,46 
1874,46 
1875,90 
1876,118
1877,122
1878,124
1879,124
1880,135
1881,120
1882,116
1883,112
1884,108
1885,36 
1886,34 
1887,34 
1888,40 
1889,40 
1890,40 
1891,36 
1892,44 
1893,38 
1894,40 
1895,42 
1896,54 
1897,92 
1898,112
1899,129
1900,126
1901,70 
1902,74 
1903,74 
1904,74 
1905,74 
1906,108
1907,133
1908,145
1909,147
1910,147
1911,137
1912,98 
1913,70 
1914,60 
1915,66 
1916,72 
1917,78 
1918,80 
1919,82 
1920,82 
1921,84 
1922,88 
1923,96 
1924,100
1925,104
1926,102
1927,100
1928,90 
1929,88 
1930,92 
1931,94 
1932,94 
1933,92 
1934,94 
1935,102
1936,112
1937,114
1938,112
1939,112
1940,112
1941,110
1942,110
1943,114
1944,129
1945,135
1946,145
1947,139
1948,175
1949,175
1950,183
1951,183
1952,183
1953,181
1954,193
1955,193
1956,187
1957,191
1958,191
1959,197
1960,197
1961,197
1962,124
1963,60 
1964,58 
1965,78 
1966,104
1967,114
1968,135
1969,135
1970,135
1971,122
1972,86 
1973,48 
1974,48 
1975,70 
1976,118
1977,122
1978,124
1979,124
1980,124
1981,120
1982,122
1983,108
1984,46 
1985,34 
1986,34 
1987,34 
1988,38 
1989,32 
1990,32 
1991,32 
1992,38 
1993,38 
1994,40 
1995,54 
1996,72 
1997,126
1998,129
1999,129
2000,126
2001,66 
2002,70 
2003,72 
2004,72 
2005,74 
2006,108
2007,135
2008,147
2009,149
2010,149
2011,143
2012,112
2013,70 
2014,60 
2015,66 
2016,72 
2017,78 
2018,80 
2019,82 
2020,82 
2021,86 
2022,88 
2023,106
2024,102
2025,102
2026,100
2027,100
2028,88 
2029,86 
2030,90 
2031,94 
2032,98 
2033,96 
2034,96 
2035,110
2036,112
2037,112
2038,112
2039,114
2040,114
2041,110
2042,108
2043,110
2044,135
2045,139
2046,151
2047,151
2048,173
2049,173
2050,183
2051,183
2052,181
2053,181
2054,191
2055,187
2056,187
2057,185
2058,191
2059,197
2060,199
2061,203
2062,203
2063,74 
2064,60 
2065,74 
2066,110
2067,114
2068,135
2069,135
2070,135
2071,122
2072,86 
2073,48 
2074,48 
2075,52 
2076,90 
2077,102
2078,124
2079,124
2080,124
2081,124
2082,124
2083,48 
2084,38 
2085,36 
2086,34 
2087,32 
2088,32 
2089,32 
2090,32 
2091,34 
2092,38 
2093,36 
2094,40 
2095,72 
2096,126
2097,133
2098,137
2099,139
2100,139
2101,64 
2102,68 
2103,70 
2104,70 
2105,72 
2106,106
2107,135
2108,141
2109,147
2110,147
2111,147
2112,118
2113,76 
2114,62 
2115,66 
2116,72 
2117,78 
2118,78 
2119,78 
2120,82 
2121,84 
2122,88 
2123,98 
2124,100
2125,100
2126,100
2127,100
2128,88 
2129,88 
2130,92 
2131,98 
2132,98 
2133,98 
2134,104
2135,110
2136,112
2137,112
2138,112
2139,112
2140,106
2141,106
2142,106
2143,108
2144,139
2145,155
2146,155
2147,165
2148,165
2149,173
2150,179
2151,181
2152,181
2153,181
2154,191
2155,179
2156,179
2157,183
2158,185
2159,193
2160,197
2161,199
2162,203
2163,193
2164,70 
2165,74 
2166,114
2167,116
2168,133
2169,135
2170,135
2171,122
2172,84 
2173,48 
2174,44 
2175,44 
2176,70 
2177,108
2178,135
2179,155
2180,131
2181,124
2182,48 
2183,44 
2184,44 
2185,38 
2186,38 
2187,30 
2188,32 
2189,32 
2190,34 
2191,36 
2192,38 
2193,38 
2194,52 
2195,124
2196,133
2197,137
2198,139
2199,139
2200,126
2201,64 
2202,68 
2203,70 
2204,70 
2205,72 
2206,106
2207,135
2208,141
2209,141
2210,147
2211,143
2212,118
2213,86 
2214,68 
2215,68 
2216,74 
2217,76 
2218,78 
2219,76 
2220,78 
2221,78 
2222,88 
2223,98 
2224,98 
2225,104
2226,100
2227,90 
2228,86 
2229,90 
2230,92 
2231,96 
2232,98 
2233,102
2234,106
2235,110
2236,110
2237,110
2238,112
2239,114
2240,110
2241,110
2242,116
2243,139
2244,143
2245,157
2246,157
2247,161
2248,163
2249,165
2250,179
2251,179
2252,179
2253,177
2254,179
2255,179
2256,183
2257,183
2258,185
2259,189
2260,189
2261,199
2262,205
2263,207
2264,185
2265,110
2266,114
2267,116
2268,133
2269,141
2270,141
2271,122
2272,86 
2273,40 
2274,38 
2275,42 
2276,52 
2277,135
2278,185
2279,191
2280,191
2281,133
2282,38 
2283,30 
2284,36 
2285,38 
2286,44 
2287,34 
2288,34 
2289,34 
2290,36 
2291,38 
2292,42 
2293,38 
2294,114
2295,124
2296,137
2297,139
2298,139
2299,141
2300,139
2301,68 
2302,72 
2303,72 
2304,70 
2305,74 
2306,98 
2307,131
2308,137
2309,141
2310,141
2311,141
2312,118
2313,86 
2314,68 
2315,68 
2316,76 
2317,80 
2318,82 
2319,78 
2320,82 
2321,86 
2322,92 
2323,94 
2324,94 
2325,135
2326,135
2327,90 
2328,90 
2329,92 
2330,94 
2331,96 
2332,106
2333,104
2334,106
2335,110
2336,108
2337,110
2338,108
2339,110
2340,110
2341,137
2342,143
2343,143
2344,153
2345,161
2346,157
2347,165
2348,165
2349,167
2350,177
2351,177
2352,177
2353,177
2354,179
2355,179
2356,183
2357,185
2358,189
2359,189
2360,185
2361,193
2362,193
2363,197
2364,191
2365,110
2366,104
2367,114
2368,135
2369,137
2370,135
2371,120
2372,84 
2373,38 
2374,38 
2375,38 
2376,147
2377,179
2378,187
2379,199
2380,201
2381,191
2382,44 
2383,38 
2384,44 
2385,42 
2386,44 
2387,34 
2388,34 
2389,36 
2390,40 
2391,42 
2392,48 
2393,98 
2394,122
2395,124
2396,137
2397,139
2398,141
2399,141
2400,139
2401,68 
2402,76 
2403,74 
2404,74 
2405,76 
2406,108
2407,131
2408,141
2409,147
2410,149
2411,131
2412,110
2413,74 
2414,68 
2415,68 
2416,78 
2417,82 
2418,82 
2419,80 
2420,82 
2421,86 
2422,90 
2423,90 
2424,94 
2425,135
2426,135
2427,88 
2428,88 
2429,94 
2430,98 
2431,98 
2432,104
2433,104
2434,110
2435,110
2436,108
2437,108
2438,108
2439,110
2440,139
2441,139
2442,143
2443,143
2444,153
2445,161
2446,161
2447,161
2448,153
2449,165
2450,167
2451,169
2452,179
2453,179
2454,187
2455,183
2456,185
2457,185
2458,189
2459,189
2460,189
2461,189
2462,195
2463,205
2464,203
2465,171
2466,110
2467,114
2468,133
2469,135
2470,133
2471,120
2472,86 
2473,72 
2474,40 
2475,151
2476,179
2477,187
2478,199
2479,199
2480,205
2481,205
2482,129
2483,38 
2484,38 
2485,42 
2486,42 
2487,40 
2488,38 
2489,40 
2490,40 
2491,46 
2492,54 
2493,124
2494,126
2495,131
2496,139
2497,139
2498,141
2499,141
2500,139
2501,68 
2502,80 
2503,76 
2504,76 
2505,76 
2506,80 
2507,129
2508,133
2509,149
2510,149
2511,145
2512,110
2513,74 
2514,68 
2515,66 
2516,78 
2517,82 
2518,82 
2519,86 
2520,86 
2521,86 
2522,90 
2523,88 
2524,88 
2525,100
2526,100
2527,100
2528,90 
2529,106
2530,104
2531,100
2532,104
2533,104
2534,106
2535,106
2536,102
2537,106
2538,108
2539,129
2540,133
2541,129
2542,137
2543,143
2544,153
2545,161
2546,153
2547,153
2548,149
2549,167
2550,167
2551,173
2552,173
2553,181
2554,183
2555,183
2556,185
2557,185
2558,185
2559,179
2560,189
2561,187
2562,191
2563,191
2564,191
2565,191
2566,145
2567,137
2568,137
2569,137
2570,135
2571,122
2572,122
2573,135
2574,169
2575,187
2576,193
2577,187
2578,187
2579,193
2580,199
2581,201
2582,129
2583,58 
2584,42 
2585,38 
2586,40 
2587,36 
2588,38 
2589,38 
2590,40 
2591,46 
2592,122
2593,126
2594,126
2595,137
2596,139
2597,135
2598,135
2599,135
2600,131
2601,68 
2602,90 
2603,76 
2604,78 
2605,78 
2606,116
2607,129
2608,145
2609,149
2610,149
2611,149
2612,110
2613,78 
2614,66 
2615,64 
2616,74 
2617,82 
2618,82 
2619,80 
2620,82 
2621,86 
2622,86 
2623,80 
2624,80 
2625,100
2626,100
2627,90 
2628,90 
2629,100
2630,104
2631,102
2632,104
2633,104
2634,106
2635,98 
2636,102
2637,102
2638,122
2639,133
2640,131
2641,129
2642,129
2643,131
2644,153
2645,161
2646,161
2647,153
2648,147
2649,153
2650,153
2651,159
2652,155
2653,173
2654,183
2655,183
2656,183
2657,179
2658,179
2659,179
2660,187
2661,179
2662,181
2663,181
2664,183
2665,183
2666,173
2667,145
2668,137
2669,133
2670,137
2671,149
2672,167
2673,179
2674,187
2675,191
2676,191
2677,187
2678,187
2679,193
2680,197
2681,205
2682,74 
2683,56 
2684,42 
2685,38 
2686,38 
2687,36 
2688,40 
2689,40 
2690,40 
2691,102
2692,126
2693,137
2694,131
2695,137
2696,135
2697,135
2698,135
2699,133
2700,129
2701,56 
2702,84 
2703,78 
2704,78 
2705,78 
2706,108
2707,129
2708,145
2709,153
2710,153
2711,147
2712,114
2713,80 
2714,78 
2715,66 
2716,66 
2717,74 
2718,78 
2719,86 
2720,82 
2721,86 
2722,82 
2723,82 
2724,82 
2725,116
2726,100
2727,92 
2728,90 
2729,96 
2730,96 
2731,96 
2732,102
2733,106
2734,94 
2735,94 
2736,98 
2737,120
2738,122
2739,129
2740,129
2741,129
2742,129
2743,129
2744,147
2745,149
2746,149
2747,149
2748,145
2749,153
2750,153
2751,157
2752,157
2753,165
2754,171
2755,175
2756,181
2757,169
2758,173
2759,175
2760,179
2761,179
2762,179
2763,179
2764,171
2765,173
2766,173
2767,167
2768,139
2769,137
2770,175
2771,175
2772,189
2773,189
2774,191
2775,191
2776,187
2777,187
2778,187
2779,193
2780,201
2781,193
2782,74 
2783,56 
2784,46 
2785,36 
2786,38 
2787,36 
2788,42 
2789,42 
2790,52 
2791,102
2792,122
2793,137
2794,135
2795,135
2796,135
2797,135
2798,133
2799,129
2800,129
2801,56 
2802,76 
2803,78 
2804,78 
2805,86 
2806,108
2807,133
2808,147
2809,153
2810,153
2811,147
2812,120
2813,80 
2814,78 
2815,66 
2816,74 
2817,76 
2818,74 
2819,78 
2820,80 
2821,82 
2822,82 
2823,84 
2824,120
2825,122
2826,120
2827,94 
2828,90 
2829,86 
2830,92 
2831,96 
2832,102
2833,102
2834,94 
2835,94 
2836,118
2837,120
2838,122
2839,122
2840,129
2841,129
2842,131
2843,131
2844,145
2845,147
2846,161
2847,163
2848,151
2849,153
2850,153
2851,157
2852,155
2853,159
2854,161
2855,165
2856,161
2857,163
2858,163
2859,169
2860,173
2861,175
2862,169
2863,177
2864,167
2865,169
2866,171
2867,169
2868,169
2869,169
2870,177
2871,187
2872,189
2873,189
2874,187
2875,185
2876,185
2877,185
2878,187
2879,197
2880,201
2881,197
2882,74 
2883,36 
2884,40 
2885,36 
2886,36 
2887,36 
2888,42 
2889,52 
2890,106
2891,122
2892,124
2893,135
2894,141
2895,135
2896,135
2897,135
2898,135
2899,129
2900,129
2901,56 
2902,78 
2903,76 
2904,76 
2905,84 
2906,106
2907,133
2908,149
2909,153
2910,153
2911,147
2912,124
2913,82 
2914,80 
2915,80 
2916,80 
2917,80 
2918,78 
2919,82 
2920,80 
2921,84 
2922,84 
2923,88 
2924,153
2925,169
2926,141
2927,106
2928,94 
2929,88 
2930,88 
2931,96 
2932,96 
2933,108
2934,108
2935,110
2936,118
2937,120
2938,122
2939,118
2940,122
2941,122
2942,131
2943,139
2944,145
2945,145
2946,149
2947,161
2948,151
2949,151
2950,151
2951,153
2952,157
2953,159
2954,159
2955,155
2956,153
2957,155
2958,155
2959,161
2960,163
2961,167
2962,165
2963,165
2964,165
2965,167
2966,171
2967,171
2968,181
2969,177
2970,179
2971,187
2972,189
2973,187
2974,185
2975,185
2976,185
2977,185
2978,185
2979,187
2980,187
2981,60 
2982,60 
2983,36 
2984,36 
2985,36 
2986,36 
2987,40 
2988,48 
2989,106
2990,116
2991,124
2992,135
2993,135
2994,139
2995,135
2996,135
2997,135
2998,135
2999,135
3000,129
3001,74 
3002,78 
3003,76 
3004,82 
3005,90 
3006,106
3007,137
3008,149
3009,151
3010,153
3011,149
3012,120
3013,82 
3014,78 
3015,66 
3016,80 
3017,78 
3018,78 
3019,82 
3020,82 
3021,84 
3022,84 
3023,86 
3024,153
3025,169
3026,141
3027,122
3028,104
3029,88 
3030,86 
3031,92 
3032,106
3033,118
3034,116
3035,114
3036,114
3037,118
3038,122
3039,131
3040,124
3041,131
3042,133
3043,139
3044,143
3045,143
3046,149
3047,165
3048,161
3049,155
3050,149
3051,141
3052,141
3053,149
3054,149
3055,157
3056,153
3057,153
3058,153
3059,153
3060,159
3061,159
3062,161
3063,161
3064,163
3065,169
3066,185
3067,185
3068,185
3069,177
3070,177
3071,177
3072,179
3073,185
3074,185
3075,185
3076,159
3077,137
3078,137
3079,155
3080,183
3081,60 
3082,42 
3083,36 
3084,38 
3085,36 
3086,34 
3087,36 
3088,68 
3089,112
3090,124
3091,129
3092,137
3093,137
3094,139
3095,137
3096,139
3097,135
3098,137
3099,135
3100,135
3101,74 
3102,78 
3103,76 
3104,82 
3105,90 
3106,112
3107,135
3108,149
3109,149
3110,153
3111,149
3112,131
3113,78 
3114,74 
3115,66 
3116,82 
3117,80 
3118,80 
3119,82 
3120,84 
3121,84 
3122,80 
3123,84 
3124,169
3125,175
3126,141
3127,124
3128,118
3129,102
3130,88 
3131,88 
3132,112
3133,118
3134,116
3135,114
3136,110
3137,118
3138,122
3139,129
3140,122
3141,124
3142,124
3143,133
3144,143
3145,149
3146,149
3147,149
3148,149
3149,149
3150,141
3151,139
3152,141
3153,149
3154,149
3155,151
3156,149
3157,149
3158,145
3159,145
3160,151
3161,159
3162,161
3163,161
3164,177
3165,177
3166,189
3167,185
3168,185
3169,177
3170,177
3171,177
3172,185
3173,185
3174,187
3175,187
3176,159
3177,153
3178,137
3179,153
3180,129
3181,46 
3182,42 
3183,40 
3184,42 
3185,38 
3186,38 
3187,58 
3188,112
3189,120
3190,129
3191,139
3192,139
3193,137
3194,137
3195,137
3196,139
3197,137
3198,137
3199,135
3200,135
3201,74 
3202,78 
3203,78 
3204,82 
3205,90 
3206,129
3207,137
3208,149
3209,149
3210,149
3211,143
3212,124
3213,78 
3214,70 
3215,70 
3216,80 
3217,80 
3218,80 
3219,78 
3220,80 
3221,78 
3222,80 
3223,84 
3224,173
3225,173
3226,143
3227,135
3228,120
3229,110
3230,92 
3231,90 
3232,112
3233,116
3234,116
3235,116
3236,118
3237,118
3238,110
3239,116
3240,118
3241,126
3242,120
3243,126
3244,126
3245,129
3246,137
3247,137
3248,137
3249,131
3250,139
3251,139
3252,139
3253,141
3254,147
3255,151
3256,149
3257,145
3258,129
3259,137
3260,141
3261,161
3262,163
3263,171
3264,177
3265,173
3266,183
3267,181
3268,179
3269,177
3270,177
3271,183
3272,185
3273,191
3274,187
3275,187
3276,145
3277,139
3278,129
3279,153
3280,129
3281,36 
3282,36 
3283,36 
3284,38 
3285,38 
3286,42 
3287,60 
3288,120
3289,129
3290,129
3291,139
3292,137
3293,137
3294,137
3295,137
3296,131
3297,129
3298,135
3299,135
3300,133
3301,70 
3302,78 
3303,78 
3304,82 
3305,96 
3306,135
3307,137
3308,149
3309,149
3310,149
3311,143
3312,131
3313,82 
3314,70 
3315,66 
3316,76 
3317,80 
3318,80 
3319,74 
3320,80 
3321,74 
3322,78 
3323,78 
3324,173
3325,173
3326,153
3327,141
3328,141
3329,118
3330,102
3331,98 
3332,110
3333,112
3334,112
3335,114
3336,112
3337,116
3338,110
3339,116
3340,118
3341,126
3342,131
3343,126
3344,126
3345,118
3346,116
3347,120
3348,120
3349,129
3350,129
3351,129
3352,133
3353,141
3354,141
3355,133
3356,124
3357,122
3358,122
3359,135
3360,161
3361,171
3362,171
3363,171
3364,173
3365,173
3366,179
3367,177
3368,179
3369,177
3370,181
3371,185
3372,189
3373,191
3374,187
3375,145
3376,133
3377,133
3378,129
3379,133
3380,104
3381,32 
3382,32 
3383,36 
3384,36 
3385,42 
3386,60 
3387,108
3388,122
3389,129
3390,135
3391,139
3392,139
3393,137
3394,137
3395,137
3396,131
3397,131
3398,129
3399,133
3400,129
3401,70 
3402,84 
3403,84 
3404,84 
3405,90 
3406,122
3407,137
3408,151
3409,153
3410,151
3411,147
3412,124
3413,82 
3414,72 
3415,70 
3416,72 
3417,78 
3418,80 
3419,78 
3420,80 
3421,74 
3422,78 
3423,78 
3424,171
3425,173
3426,167
3427,143
3428,124
3429,102
3430,100
3431,98 
3432,110
3433,114
3434,114
3435,112
3436,104
3437,102
3438,102
3439,110
3440,120
3441,126
3442,131
3443,118
3444,112
3445,104
3446,88 
3447,88 
3448,100
3449,102
3450,100
3451,90 
3452,90 
3453,90 
3454,80 
3455,80 
3456,80 
3457,114
3458,129
3459,141
3460,161
3461,171
3462,177
3463,177
3464,173
3465,169
3466,175
3467,175
3468,181
3469,181
3470,183
3471,185
3472,185
3473,187
3474,145
3475,126
3476,104
3477,104
3478,131
3479,133
3480,38 
3481,34 
3482,34 
3483,36 
3484,36 
3485,42 
3486,84 
3487,108
3488,122
3489,131
3490,135
3491,133
3492,133
3493,133
3494,131
3495,137
3496,137
3497,137
3498,129
3499,129
3500,129
3501,82 
3502,84 
3503,84 
3504,86 
3505,90 
3506,122
3507,141
3508,153
3509,155
3510,153
3511,151
3512,131
3513,92 
3514,74 
3515,72 
3516,76 
3517,78 
3518,80 
3519,78 
3520,80 
3521,70 
3522,68 
3523,70 
3524,167
3525,187
3526,187
3527,145
3528,124
3529,104
3530,102
3531,100
3532,104
3533,114
3534,112
3535,112
3536,104
3537,106
3538,106
3539,106
3540,120
3541,135
3542,135
3543,118
3544,96 
3545,86 
3546,72 
3547,72 
3548,88 
3549,88 
3550,82 
3551,68 
3552,68 
3553,58 
3554,56 
3555,32 
3556,58 
3557,96 
3558,135
3559,155
3560,165
3561,179
3562,179
3563,177
3564,175
3565,175
3566,175
3567,175
3568,181
3569,185
3570,183
3571,183
3572,181
3573,90 
3574,90 
3575,82 
3576,96 
3577,131
3578,133
3579,38 
3580,38 
3581,38 
3582,38 
3583,36 
3584,38 
3585,46 
3586,104
3587,110
3588,112
3589,133
3590,139
3591,135
3592,135
3593,133
3594,131
3595,139
3596,137
3597,131
3598,129
3599,131
3600,129
3601,82 
3602,86 
3603,86 
3604,86 
3605,86 
3606,96 
3607,133
3608,151
3609,157
3610,151
3611,151
3612,135
3613,92 
3614,78 
3615,72 
3616,76 
3617,78 
3618,78 
3619,78 
3620,78 
3621,74 
3622,74 
3623,74 
3624,139
3625,187
3626,187
3627,124
3628,104
3629,100
3630,104
3631,98 
3632,110
3633,112
3634,110
3635,98 
3636,104
3637,106
3638,116
3639,106
3640,122
3641,122
3642,122
3643,88 
3644,78 
3645,60 
3646,54 
3647,72 
3648,82 
3649,78 
3650,56 
3651,48 
3652,42 
3653,36 
3654,32 
3655,30 
3656,96 
3657,131
3658,157
3659,161
3660,163
3661,179
3662,179
3663,179
3664,177
3665,177
3666,177
3667,181
3668,181
3669,181
3670,181
3671,106
3672,98 
3673,90 
3674,90 
3675,96 
3676,131
3677,131
3678,54 
3679,38 
3680,44 
3681,38 
3682,42 
3683,38 
3684,42 
3685,46 
3686,104
3687,112
3688,118
3689,139
3690,139
3691,135
3692,135
3693,135
3694,135
3695,135
3696,137
3697,131
3698,131
3699,131
3700,129
3701,82 
3702,86 
3703,86 
3704,86 
3705,86 
3706,96 
3707,133
3708,151
3709,155
3710,153
3711,149
3712,135
3713,90 
3714,78 
3715,70 
3716,74 
3717,76 
3718,78 
3719,78 
3720,82 
3721,78 
3722,76 
3723,76 
3724,82 
3725,175
3726,175
3727,133
3728,118
3729,110
3730,104
3731,104
3732,110
3733,110
3734,96 
3735,98 
3736,106
3737,116
3738,116
3739,102
3740,102
3741,76 
3742,58 
3743,58 
3744,40 
3745,42 
3746,42 
3747,52 
3748,54 
3749,70 
3750,56 
3751,56 
3752,42 
3753,42 
3754,58 
3755,108
3756,131
3757,171
3758,171
3759,165
3760,163
3761,165
3762,179
3763,179
3764,177
3765,181
3766,181
3767,181
3768,90 
3769,106
3770,98 
3771,102
3772,102
3773,116
3774,145
3775,151
3776,151
3777,36 
3778,36 
3779,38 
3780,54 
3781,44 
3782,38 
3783,36 
3784,38 
3785,100
3786,118
3787,122
3788,133
3789,145
3790,139
3791,139
3792,141
3793,141
3794,139
3795,135
3796,129
3797,129
3798,129
3799,131
3800,129
3801,86 
3802,86 
3803,86 
3804,86 
3805,86 
3806,96 
3807,133
3808,151
3809,153
3810,153
3811,149
3812,135
3813,88 
3814,70 
3815,70 
3816,70 
3817,76 
3818,76 
3819,78 
3820,80 
3821,78 
3822,78 
3823,76 
3824,82 
3825,133
3826,167
3827,139
3828,133
3829,112
3830,108
3831,102
3832,108
3833,96 
3834,96 
3835,96 
3836,106
3837,106
3838,116
3839,68 
3840,68 
3841,56 
3842,44 
3843,44 
3844,36 
3845,42 
3846,42 
3847,50 
3848,50 
3849,50 
3850,50 
3851,60 
3852,42 
3853,60 
3854,114
3855,141
3856,171
3857,173
3858,171
3859,165
3860,163
3861,165
3862,171
3863,173
3864,175
3865,177
3866,177
3867,86 
3868,74 
3869,86 
3870,90 
3871,104
3872,120
3873,155
3874,153
3875,155
3876,50 
3877,36 
3878,36 
3879,44 
3880,54 
3881,36 
3882,36 
3883,32 
3884,42 
3885,112
3886,118
3887,129
3888,147
3889,147
3890,141
3891,141
3892,143
3893,145
3894,141
3895,135
3896,133
3897,133
3898,133
3899,133
3900,124
3901,78 
3902,84 
3903,84 
3904,84 
3905,86 
3906,112
3907,133
3908,151
3909,153
3910,153
3911,145
3912,131
3913,88 
3914,70 
3915,70 
3916,74 
3917,76 
3918,76 
3919,82 
3920,82 
3921,80 
3922,80 
3923,82 
3924,82 
3925,98 
3926,139
3927,147
3928,139
3929,126
3930,102
3931,98 
3932,102
3933,96 
3934,96 
3935,94 
3936,102
3937,92 
3938,70 
3939,58 
3940,56 
3941,54 
3942,44 
3943,40 
3944,38 
3945,40 
3946,38 
3947,48 
3948,48 
3949,50 
3950,62 
3951,68 
3952,68 
3953,114
3954,133
3955,171
3956,171
3957,171
3958,167
3959,165
3960,165
3961,161
3962,161
3963,169
3964,173
3965,173
3966,120
3967,76 
3968,74 
3969,86 
3970,88 
3971,104
3972,153
3973,161
3974,155
3975,44 
3976,40 
3977,36 
3978,50 
3979,44 
3980,44 
3981,36 
3982,32 
3983,36 
3984,62 
3985,112
3986,120
3987,143
3988,147
3989,143
3990,141
3991,141
3992,141
3993,145
3994,139
3995,133
3996,133
3997,135
3998,133
3999,135
4000,129
4001,84 
4002,84 
4003,84 
4004,84 
4005,96 
4006,120
4007,135
4008,147
4009,153
4010,149
4011,145
4012,131
4013,88 
4014,70 
4015,66 
4016,74 
4017,76 
4018,76 
4019,80 
4020,80 
4021,80 
4022,82 
4023,84 
4024,86 
4025,98 
4026,133
4027,179
4028,145
4029,129
4030,100
4031,98 
4032,98 
4033,96 
4034,102
4035,102
4036,102
4037,92 
4038,62 
4039,56 
4040,54 
4041,44 
4042,40 
4043,40 
4044,40 
4045,46 
4046,38 
4047,38 
4048,38 
4049,48 
4050,62 
4051,70 
4052,88 
4053,131
4054,155
4055,167
4056,167
4057,165
4058,165
4059,165
4060,165
4061,161
4062,161
4063,169
4064,171
4065,169
4066,120
4067,76 
4068,74 
4069,78 
4070,84 
4071,104
4072,120
4073,147
4074,44 
4075,40 
4076,40 
4077,42 
4078,50 
4079,40 
4080,38 
4081,32 
4082,32 
4083,34 
4084,88 
4085,112
4086,114
4087,141
4088,147
4089,143
4090,141
4091,141
4092,141
4093,141
4094,139
4095,133
4096,133
4097,135
4098,133
4099,133
4100,129
4101,72 
4102,84 
4103,84 
4104,76 
4105,88 
4106,120
4107,131
4108,147
4109,149
4110,149
4111,147
4112,131
4113,94 
4114,66 
4115,66 
4116,74 
4117,80 
4118,82 
4119,82 
4120,82 
4121,82 
4122,84 
4123,92 
4124,92 
4125,92 
4126,92 
4127,179
4128,163
4129,104
4130,98 
4131,96 
4132,96 
4133,102
4134,102
4135,102
4136,100
4137,82 
4138,62 
4139,62 
4140,46 
4141,46 
4142,42 
4143,40 
4144,42 
4145,42 
4146,38 
4147,36 
4148,34 
4149,48 
4150,70 
4151,88 
4152,100
4153,135
4154,161
4155,165
4156,153
4157,149
4158,153
4159,155
4160,159
4161,159
4162,161
4163,167
4164,169
4165,167
4166,165
4167,102
4168,66 
4169,66 
4170,78 
4171,110
4172,118
4173,44 
4174,34 
4175,30 
4176,38 
4177,42 
4178,50 
4179,40 
4180,38 
4181,36 
4182,36 
4183,58 
4184,100
4185,114
4186,133
4187,139
4188,143
4189,143
4190,143
4191,143
4192,141
4193,141
4194,126
4195,133
4196,133
4197,135
4198,135
4199,133
4200,129
4201,76 
4202,78 
4203,82 
4204,72 
4205,88 
4206,100
4207,131
4208,141
4209,149
4210,153
4211,153
4212,133
4213,94 
4214,66 
4215,56 
4216,80 
4217,96 
4218,80 
4219,80 
4220,80 
4221,80 
4222,92 
4223,94 
4224,94 
4225,94 
4226,102
4227,163
4228,163
4229,100
4230,98 
4231,96 
4232,96 
4233,102
4234,100
4235,100
4236,92 
4237,58 
4238,48 
4239,48 
4240,46 
4241,46 
4242,46 
4243,46 
4244,50 
4245,50 
4246,42 
4247,34 
4248,34 
4249,40 
4250,84 
4251,92 
4252,129
4253,155
4254,155
4255,153
4256,143
4257,147
4258,149
4259,153
4260,155
4261,159
4262,179
4263,171
4264,171
4265,169
4266,167
4267,124
4268,66 
4269,54 
4270,66 
4271,110
4272,110
4273,34 
4274,34 
4275,28 
4276,42 
4277,42 
4278,42 
4279,36 
4280,36 
4281,36 
4282,50 
4283,84 
4284,100
4285,129
4286,129
4287,133
4288,141
4289,143
4290,143
4291,143
4292,141
4293,139
4294,139
4295,133
4296,133
4297,133
4298,133
4299,131
4300,129
4301,72 
4302,78 
4303,84 
4304,76 
4305,88 
4306,100
4307,131
4308,147
4309,151
4310,153
4311,153
4312,137
4313,94 
4314,80 
4315,76 
4316,84 
4317,84 
4318,82 
4319,80 
4320,80 
4321,80 
4322,80 
4323,96 
4324,96 
4325,94 
4326,94 
4327,114
4328,100
4329,94 
4330,94 
4331,96 
4332,100
4333,96 
4334,80 
4335,80 
4336,58 
4337,50 
4338,40 
4339,38 
4340,40 
4341,46 
4342,46 
4343,54 
4344,70 
4345,64 
4346,42 
4347,34 
4348,38 
4349,96 
4350,108
4351,133
4352,151
4353,161
4354,155
4355,153
4356,143
4357,147
4358,147
4359,149
4360,167
4361,173
4362,173
4363,171
4364,171
4365,179
4366,167
4367,141
4368,72 
4369,54 
4370,56 
4371,108
4372,108
4373,36 
4374,34 
4375,34 
4376,38 
4377,44 
4378,44 
4379,36 
4380,36 
4381,36 
4382,56 
4383,100
4384,116
4385,129
4386,131
4387,131
4388,131
4389,137
4390,137
4391,137
4392,137
4393,139
4394,137
4395,135
4396,133
4397,129
4398,135
4399,133
4400,100
4401,76 
4402,82 
4403,82 
4404,78 
4405,82 
4406,98 
4407,131
4408,147
4409,153
4410,153
4411,153
4412,131
4413,94 
4414,80 
4415,76 
4416,80 
4417,78 
4418,80 
4419,80 
4420,80 
4421,80 
4422,76 
4423,102
4424,96 
4425,96 
4426,104
4427,104
4428,94 
4429,94 
4430,94 
4431,104
4432,104
4433,80 
4434,68 
4435,38 
4436,40 
4437,32 
4438,44 
4439,38 
4440,46 
4441,46 
4442,54 
4443,64 
4444,70 
4445,64 
4446,60 
4447,38 
4448,108
4449,137
4450,149
4451,149
4452,155
4453,155
4454,155
4455,147
4456,145
4457,147
4458,153
4459,157
4460,173
4461,173
4462,187
4463,191
4464,191
4465,193
4466,189
4467,153
4468,72 
4469,56 
4470,56 
4471,60 
4472,56 
4473,40 
4474,38 
4475,36 
4476,42 
4477,44 
4478,40 
4479,38 
4480,34 
4481,38 
4482,78 
4483,116
4484,129
4485,133
4486,131
4487,131
4488,129
4489,131
4490,131
4491,135
4492,129
4493,135
4494,137
4495,137
4496,131
4497,129
4498,133
4499,133
4500,133
4501,78 
4502,82 
4503,82 
4504,82 
4505,78 
4506,96 
4507,129
4508,151
4509,155
4510,155
4511,145
4512,131
4513,92 
4514,72 
4515,72 
4516,76 
4517,78 
4518,80 
4519,80 
4520,80 
4521,86 
4522,108
4523,108
4524,96 
4525,92 
4526,86 
4527,94 
4528,94 
4529,94 
4530,94 
4531,104
4532,104
4533,72 
4534,40 
4535,34 
4536,36 
4537,36 
4538,44 
4539,38 
4540,38 
4541,40 
4542,46 
4543,54 
4544,64 
4545,64 
4546,64 
4547,118
4548,118
4549,149
4550,153
4551,151
4552,151
4553,149
4554,151
4555,147
4556,139
4557,143
4558,147
4559,165
4560,173
4561,179
4562,187
4563,191
4564,191
4565,195
4566,195
4567,177
4568,72 
4569,56 
4570,54 
4571,56 
4572,54 
4573,40 
4574,38 
4575,38 
4576,44 
4577,44 
4578,40 
4579,38 
4580,36 
4581,38 
4582,72 
4583,116
4584,133
4585,141
4586,141
4587,137
4588,131
4589,129
4590,131
4591,131
4592,129
4593,129
4594,129
4595,131
4596,129
4597,124
4598,133
4599,133
4600,110
4601,80 
4602,90 
4603,82 
4604,80 
4605,78 
4606,96 
4607,124
4608,153
4609,157
4610,157
4611,141
4612,131
4613,92 
4614,72 
4615,72 
4616,76 
4617,80 
4618,80 
4619,82 
4620,82 
4621,86 
4622,86 
4623,92 
4624,92 
4625,92 
4626,92 
4627,94 
4628,98 
4629,114
4630,98 
4631,104
4632,104
4633,72 
4634,38 
4635,32 
4636,34 
4637,36 
4638,38 
4639,36 
4640,36 
4641,40 
4642,46 
4643,46 
4644,46 
4645,46 
4646,72 
4647,118
4648,137
4649,153
4650,165
4651,169
4652,165
4653,147
4654,147
4655,139
4656,145
4657,145
4658,155
4659,157
4660,167
4661,179
4662,187
4663,189
4664,189
4665,193
4666,195
4667,195
4668,129
4669,58 
4670,54 
4671,54 
4672,54 
4673,52 
4674,44 
4675,44 
4676,44 
4677,44 
4678,40 
4679,38 
4680,38 
4681,44 
4682,90 
4683,124
4684,141
4685,141
4686,141
4687,141
4688,137
4689,137
4690,135
4691,135
4692,131
4693,129
4694,126
4695,124
4696,122
4697,124
4698,126
4699,126
4700,118
4701,80 
4702,82 
4703,82 
4704,78 
4705,72 
4706,80 
4707,124
4708,153
4709,159
4710,159
4711,145
4712,139
4713,92 
4714,72 
4715,72 
4716,80 
4717,82 
4718,82 
4719,80 
4720,80 
4721,84 
4722,86 
4723,92 
4724,92 
4725,92 
4726,88 
4727,88 
4728,98 
4729,114
4730,98 
4731,82 
4732,72 
4733,40 
4734,28 
4735,28 
4736,36 
4737,38 
4738,36 
4739,36 
4740,32 
4741,36 
4742,46 
4743,46 
4744,44 
4745,72 
4746,116
4747,149
4748,149
4749,159
4750,161
4751,165
4752,131
4753,122
4754,122
4755,137
4756,139
4757,151
4758,155
4759,151
4760,165
4761,169
4762,179
4763,187
4764,187
4765,189
4766,189
4767,189
4768,126
4769,58 
4770,36 
4771,38 
4772,60 
4773,60 
4774,44 
4775,44 
4776,44 
4777,42 
4778,40 
4779,38 
4780,44 
4781,44 
4782,90 
4783,135
4784,141
4785,141
4786,141
4787,141
4788,139
4789,145
4790,135
4791,135
4792,131
4793,131
4794,126
4795,124
4796,122
4797,122
4798,124
4799,124
4800,112
4801,82 
4802,88 
4803,82 
4804,80 
4805,80 
4806,94 
4807,131
4808,147
4809,149
4810,159
4811,141
4812,120
4813,98 
4814,74 
4815,74 
4816,82 
4817,84 
4818,82 
4819,82 
4820,82 
4821,84 
4822,84 
4823,86 
4824,92 
4825,92 
4826,88 
4827,64 
4828,78 
4829,86 
4830,98 
4831,64 
4832,48 
4833,40 
4834,40 
4835,40 
4836,28 
4837,38 
4838,38 
4839,36 
4840,36 
4841,36 
4842,38 
4843,42 
4844,44 
4845,76 
4846,149
4847,161
4848,157
4849,161
4850,161
4851,161
4852,114
4853,114
4854,100
4855,116
4856,122
4857,151
4858,151
4859,151
4860,155
4861,165
4862,171
4863,181
4864,181
4865,181
4866,173
4867,126
4868,114
4869,58 
4870,36 
4871,38 
4872,74 
4873,74 
4874,60 
4875,44 
4876,42 
4877,40 
4878,38 
4879,38 
4880,46 
4881,84 
4882,124
4883,131
4884,135
4885,135
4886,139
4887,139
4888,139
4889,145
4890,137
4891,137
4892,133
4893,131
4894,133
4895,129
4896,124
4897,124
4898,120
4899,120
4900,118
4901,82 
4902,82 
4903,82 
4904,80 
4905,80 
4906,96 
4907,131
4908,149
4909,153
4910,157
4911,137
4912,120
4913,98 
4914,86 
4915,76 
4916,82 
4917,82 
4918,82 
4919,84 
4920,84 
4921,86 
4922,86 
4923,96 
4924,112
4925,112
4926,112
4927,62 
4928,52 
4929,56 
4930,64 
4931,56 
4932,48 
4933,38 
4934,46 
4935,44 
4936,36 
4937,36 
4938,52 
4939,44 
4940,38 
4941,38 
4942,38 
4943,44 
4944,82 
4945,139
4946,163
4947,165
4948,165
4949,163
4950,139
4951,104
4952,92 
4953,86 
4954,78 
4955,78 
4956,100
4957,116
4958,126
4959,137
4960,151
4961,165
4962,169
4963,169
4964,169
4965,88 
4966,86 
4967,76 
4968,76 
4969,54 
4970,38 
4971,60 
4972,74 
4973,74 
4974,60 
4975,40 
4976,42 
4977,38 
4978,38 
4979,38 
4980,44 
4981,84 
4982,120
4983,129
4984,135
4985,135
4986,135
4987,135
4988,137
4989,129
4990,137
4991,141
4992,131
4993,131
4994,133
4995,133
4996,129
4997,124
4998,122
4999,120
5000,112
5001,80 
5002,80 
5003,80 
5004,78 
5005,82 
5006,96 
5007,129
5008,147
5009,149
5010,147
5011,147
5012,122
5013,94 
5014,86 
5015,74 
5016,76 
5017,80 
5018,80 
5019,84 
5020,82 
5021,86 
5022,86 
5023,110
5024,129
5025,129
5026,129
5027,64 
5028,64 
5029,56 
5030,64 
5031,56 
5032,62 
5033,46 
5034,46 
5035,44 
5036,28 
5037,32 
5038,52 
5039,52 
5040,40 
5041,26 
5042,22 
5043,82 
5044,133
5045,159
5046,161
5047,165
5048,165
5049,131
5050,66 
5051,46 
5052,54 
5053,64 
5054,64 
5055,52 
5056,52 
5057,102
5058,116
5059,126
5060,137
5061,165
5062,169
5063,159
5064,88 
5065,68 
5066,48 
5067,42 
5068,48 
5069,48 
5070,48 
5071,60 
5072,80 
5073,80 
5074,60 
5075,46 
5076,40 
5077,38 
5078,34 
5079,48 
5080,54 
5081,108
5082,129
5083,131
5084,135
5085,135
5086,135
5087,135
5088,131
5089,129
5090,129
5091,141
5092,141
5093,133
5094,133
5095,129
5096,124
5097,124
5098,120
5099,118
5100,100
5101,78 
5102,80 
5103,76 
5104,74 
5105,78 
5106,96 
5107,129
5108,153
5109,157
5110,157
5111,149
5112,124
5113,92 
5114,70 
5115,70 
5116,76 
5117,80 
5118,84 
5119,84 
5120,84 
5121,84 
5122,96 
5123,139
5124,139
5125,135
5126,106
5127,76 
5128,44 
5129,30 
5130,44 
5131,56 
5132,78 
5133,62 
5134,58 
5135,36 
5136,36 
5137,36 
5138,42 
5139,42 
5140,40 
5141,28 
5142,38 
5143,82 
5144,133
5145,159
5146,171
5147,167
5148,141
5149,64 
5150,54 
5151,36 
5152,34 
5153,44 
5154,46 
5155,52 
5156,52 
5157,94 
5158,110
5159,118
5160,133
5161,165
5162,169
5163,110
5164,84 
5165,72 
5166,48 
5167,38 
5168,38 
5169,42 
5170,46 
5171,58 
5172,102
5173,102
5174,60 
5175,40 
5176,38 
5177,38 
5178,34 
5179,48 
5180,84 
5181,120
5182,135
5183,135
5184,135
5185,135
5186,135
5187,133
5188,133
5189,129
5190,129
5191,129
5192,129
5193,129
5194,129
5195,129
5196,120
5197,118
5198,116
5199,110
5200,98 
5201,76 
5202,76 
5203,74 
5204,70 
5205,74 
5206,88 
5207,129
5208,153
5209,159
5210,157
5211,153
5212,147
5213,94 
5214,74 
5215,74 
5216,76 
5217,80 
5218,80 
5219,80 
5220,80 
5221,84 
5222,122
5223,139
5224,139
5225,106
5226,94 
5227,74 
5228,54 
5229,44 
5230,44 
5231,56 
5232,66 
5233,62 
5234,54 
5235,52 
5236,52 
5237,36 
5238,42 
5239,36 
5240,40 
5241,28 
5242,42 
5243,131
5244,159
5245,163
5246,159
5247,141
5248,108
5249,66 
5250,66 
5251,36 
5252,64 
5253,122
5254,159
5255,112
5256,94 
5257,104
5258,110
5259,118
5260,133
5261,183
5262,183
5263,110
5264,84 
5265,114
5266,104
5267,64 
5268,40 
5269,38 
5270,40 
5271,46 
5272,80 
5273,80 
5274,66 
5275,40 
5276,38 
5277,38 
5278,38 
5279,56 
5280,108
5281,129
5282,135
5283,135
5284,135
5285,135
5286,131
5287,137
5288,131
5289,131
5290,129
5291,129
5292,129
5293,129
5294,120
5295,110
5296,108
5297,108
5298,110
5299,116
5300,98 
5301,78 
5302,78 
5303,74 
5304,70 
5305,70 
5306,80 
5307,131
5308,153
5309,161
5310,171
5311,157
5312,133
5313,92 
5314,76 
5315,76 
5316,90 
5317,92 
5318,92 
5319,84 
5320,84 
5321,122
5322,126
5323,135
5324,106
5325,82 
5326,82 
5327,58 
5328,44 
5329,44 
5330,44 
5331,56 
5332,66 
5333,78 
5334,58 
5335,52 
5336,54 
5337,40 
5338,42 
5339,32 
5340,28 
5341,40 
5342,70 
5343,147
5344,155
5345,163
5346,141
5347,120
5348,120
5349,108
5350,112
5351,112
5352,122
5353,126
5354,133
5355,120
5356,112
5357,110
5358,110
5359,112
5360,133
5361,193
5362,193
5363,122
5364,98 
5365,104
5366,74 
5367,68 
5368,46 
5369,40 
5370,44 
5371,46 
5372,68 
5373,80 
5374,68 
5375,40 
5376,38 
5377,38 
5378,40 
5379,56 
5380,108
5381,129
5382,133
5383,133
5384,133
5385,129
5386,129
5387,133
5388,129
5389,131
5390,131
5391,131
5392,129
5393,110
5394,110
5395,110
5396,108
5397,108
5398,120
5399,145
5400,129
5401,78 
5402,78 
5403,78 
5404,70 
5405,70 
5406,86 
5407,131
5408,149
5409,159
5410,163
5411,157
5412,137
5413,96 
5414,78 
5415,78 
5416,86 
5417,92 
5418,92 
5419,98 
5420,122
5421,122
5422,116
5423,70 
5424,56 
5425,58 
5426,76 
5427,58 
5428,44 
5429,38 
5430,44 
5431,60 
5432,72 
5433,72 
5434,72 
5435,54 
5436,52 
5437,40 
5438,32 
5439,32 
5440,40 
5441,70 
5442,143
5443,155
5444,155
5445,145
5446,129
5447,120
5448,129
5449,122
5450,126
5451,126
5452,126
5453,131
5454,133
5455,120
5456,112
5457,112
5458,112
5459,116
5460,129
5461,189
5462,189
5463,133
5464,122
5465,114
5466,94 
5467,74 
5468,66 
5469,42 
5470,40 
5471,44 
5472,68 
5473,68 
5474,66 
5475,40 
5476,36 
5477,34 
5478,38 
5479,92 
5480,108
5481,129
5482,133
5483,133
5484,133
5485,129
5486,129
5487,129
5488,124
5489,124
5490,124
5491,131
5492,102
5493,104
5494,110
5495,110
5496,129
5497,161
5498,161
5499,161
5500,149
5501,74 
5502,78 
5503,76 
5504,68 
5505,70 
5506,80 
5507,118
5508,149
5509,163
5510,163
5511,145
5512,133
5513,90 
5514,78 
5515,78 
5516,84 
5517,92 
5518,98 
5519,98 
5520,126
5521,126
5522,44 
5523,38 
5524,38 
5525,58 
5526,70 
5527,58 
5528,36 
5529,36 
5530,38 
5531,66 
5532,96 
5533,96 
5534,72 
5535,40 
5536,38 
5537,40 
5538,32 
5539,32 
5540,64 
5541,126
5542,155
5543,155
5544,145
5545,104
5546,102
5547,104
5548,129
5549,131
5550,131
5551,131
5552,131
5553,133
5554,139
5555,133
5556,120
5557,116
5558,112
5559,116
5560,120
5561,177
5562,177
5563,143
5564,122
5565,112
5566,102
5567,94 
5568,68 
5569,46 
5570,46 
5571,46 
5572,68 
5573,68 
5574,44 
5575,36 
5576,34 
5577,30 
5578,48 
5579,98 
5580,124
5581,129
5582,133
5583,133
5584,133
5585,131
5586,131
5587,129
5588,124
5589,124
5590,120
5591,120
5592,104
5593,110
5594,122
5595,149
5596,173
5597,173
5598,173
5599,173
5600,169
5601,68 
5602,72 
5603,70 
5604,62 
5605,68 
5606,86 
5607,118
5608,161
5609,163
5610,163
5611,145
5612,135
5613,98 
5614,78 
5615,78 
5616,84 
5617,92 
5618,98 
5619,98 
5620,98 
5621,62 
5622,44 
5623,38 
5624,38 
5625,70 
5626,74 
5627,52 
5628,34 
5629,34 
5630,36 
5631,50 
5632,72 
5633,72 
5634,66 
5635,56 
5636,34 
5637,40 
5638,40 
5639,62 
5640,100
5641,143
5642,159
5643,145
5644,106
5645,104
5646,106
5647,120
5648,129
5649,131
5650,153
5651,155
5652,153
5653,149
5654,145
5655,143
5656,131
5657,120
5658,112
5659,114
5660,114
5661,173
5662,173
5663,151
5664,133
5665,118
5666,112
5667,102
5668,88 
5669,48 
5670,40 
5671,54 
5672,66 
5673,66 
5674,42 
5675,36 
5676,32 
5677,30 
5678,48 
5679,102
5680,124
5681,133
5682,133
5683,133
5684,135
5685,133
5686,131
5687,126
5688,126
5689,124
5690,120
5691,112
5692,104
5693,112
5694,149
5695,175
5696,179
5697,175
5698,173
5699,179
5700,173
5701,62 
5702,64 
5703,62 
5704,56 
5705,62 
5706,78 
5707,126
5708,147
5709,163
5710,161
5711,147
5712,135
5713,90 
5714,78 
5715,78 
5716,86 
5717,94 
5718,96 
5719,92 
5720,84 
5721,62 
5722,52 
5723,46 
5724,62 
5725,64 
5726,54 
5727,34 
5728,30 
5729,26 
5730,30 
5731,38 
5732,40 
5733,64 
5734,66 
5735,64 
5736,34 
5737,34 
5738,42 
5739,102
5740,126
5741,159
5742,159
5743,70 
5744,80 
5745,100
5746,102
5747,110
5748,120
5749,129
5750,155
5751,157
5752,159
5753,155
5754,155
5755,145
5756,131
5757,124
5758,112
5759,112
5760,112
5761,165
5762,167
5763,153
5764,133
5765,120
5766,116
5767,102
5768,88 
5769,48 
5770,48 
5771,54 
5772,66 
5773,66 
5774,42 
5775,38 
5776,36 
5777,38 
5778,78 
5779,122
5780,133
5781,135
5782,133
5783,133
5784,131
5785,131
5786,129
5787,126
5788,126
5789,126
5790,126
5791,112
5792,112
5793,139
5794,173
5795,183
5796,183
5797,185
5798,187
5799,189
5800,179
5801,58 
5802,62 
5803,58 
5804,56 
5805,62 
5806,76 
5807,137
5808,145
5809,147
5810,159
5811,155
5812,135
5813,86 
5814,86 
5815,70 
5816,86 
5817,94 
5818,94 
5819,82 
5820,66 
5821,62 
5822,62 
5823,46 
5824,72 
5825,62 
5826,56 
5827,34 
5828,34 
5829,28 
5830,36 
5831,38 
5832,40 
5833,44 
5834,82 
5835,86 
5836,40 
5837,32 
5838,40 
5839,102
5840,157
5841,157
5842,48 
5843,48 
5844,76 
5845,100
5846,106
5847,112
5848,120
5849,137
5850,141
5851,153
5852,157
5853,155
5854,155
5855,145
5856,129
5857,120
5858,114
5859,112
5860,114
5861,157
5862,165
5863,153
5864,131
5865,122
5866,118
5867,100
5868,74 
5869,44 
5870,44 
5871,48 
5872,66 
5873,92 
5874,92 
5875,36 
5876,36 
5877,38 
5878,100
5879,122
5880,133
5881,135
5882,133
5883,133
5884,129
5885,126
5886,122
5887,122
5888,122
5889,126
5890,120
5891,112
5892,131
5893,165
5894,173
5895,183
5896,183
5897,183
5898,187
5899,189
5900,187
5901,54 
5902,58 
5903,56 
5904,54 
5905,54 
5906,72 
5907,126
5908,145
5909,147
5910,157
5911,155
5912,137
5913,86 
5914,86 
5915,84 
5916,84 
5917,94 
5918,84 
5919,82 
5920,76 
5921,76 
5922,76 
5923,72 
5924,76 
5925,76 
5926,56 
5927,38 
5928,30 
5929,28 
5930,36 
5931,44 
5932,44 
5933,52 
5934,86 
5935,90 
5936,26 
5937,28 
5938,64 
5939,122
5940,157
5941,147
5942,46 
5943,46 
5944,62 
5945,92 
5946,106
5947,112
5948,118
5949,137
5950,141
5951,151
5952,157
5953,155
5954,155
5955,133
5956,129
5957,118
5958,112
5959,110
5960,110
5961,155
5962,155
5963,153
5964,131
5965,124
5966,116
5967,104
5968,62 
5969,42 
5970,44 
5971,44 
5972,56 
5973,102
5974,102
5975,44 
5976,36 
5977,56 
5978,114
5979,126
5980,129
5981,135
5982,135
5983,135
5984,126
5985,120
5986,120
5987,120
5988,120
5989,118
5990,114
5991,110
5992,155
5993,173
5994,173
5995,183
5996,183
5997,185
5998,189
5999,189
6000,189
6001,54 
6002,58 
6003,56 
6004,54 
6005,54 
6006,76 
6007,129
6008,141
6009,155
6010,157
6011,155
6012,137
6013,86 
6014,90 
6015,90 
6016,90 
6017,94 
6018,84 
6019,92 
6020,66 
6021,66 
6022,72 
6023,72 
6024,90 
6025,90 
6026,76 
6027,40 
6028,36 
6029,36 
6030,44 
6031,44 
6032,66 
6033,66 
6034,66 
6035,84 
6036,32 
6037,84 
6038,122
6039,157
6040,157
6041,42 
6042,42 
6043,48 
6044,62 
6045,92 
6046,106
6047,114
6048,124
6049,129
6050,135
6051,139
6052,143
6053,147
6054,143
6055,131
6056,118
6057,112
6058,110
6059,110
6060,110
6061,157
6062,157
6063,155
6064,131
6065,124
6066,116
6067,110
6068,42 
6069,38 
6070,44 
6071,44 
6072,52 
6073,92 
6074,92 
6075,32 
6076,32 
6077,62 
6078,106
6079,124
6080,129
6081,135
6082,135
6083,133
6084,124
6085,120
6086,120
6087,120
6088,120
6089,118
6090,114
6091,147
6092,165
6093,173
6094,177
6095,189
6096,193
6097,193
6098,193
6099,193
6100,189
6101,46 
6102,58 
6103,54 
6104,50 
6105,50 
6106,78 
6107,118
6108,145
6109,153
6110,157
6111,155
6112,137
6113,106
6114,90 
6115,90 
6116,90 
6117,90 
6118,78 
6119,92 
6120,66 
6121,60 
6122,60 
6123,84 
6124,90 
6125,84 
6126,54 
6127,54 
6128,38 
6129,36 
6130,44 
6131,44 
6132,66 
6133,66 
6134,54 
6135,32 
6136,32 
6137,120
6138,149
6139,133
6140,70 
6141,36 
6142,42 
6143,62 
6144,62 
6145,94 
6146,106
6147,112
6148,120
6149,129
6150,129
6151,131
6152,139
6153,141
6154,139
6155,131
6156,118
6157,110
6158,110
6159,108
6160,110
6161,135
6162,163
6163,163
6164,143
6165,122
6166,114
6167,86 
6168,38 
6169,38 
6170,44 
6171,48 
6172,58 
6173,104
6174,104
6175,34 
6176,34 
6177,90 
6178,106
6179,126
6180,129
6181,131
6182,129
6183,129
6184,124
6185,124
6186,126
6187,120
6188,116
6189,114
6190,131
6191,173
6192,183
6193,183
6194,185
6195,193
6196,195
6197,195
6198,193
6199,193
6200,187
6201,38 
6202,56 
6203,54 
6204,50 
6205,50 
6206,78 
6207,104
6208,153
6209,153
6210,157
6211,155
6212,137
6213,106
6214,90 
6215,76 
6216,90 
6217,90 
6218,78 
6219,78 
6220,66 
6221,60 
6222,60 
6223,84 
6224,84 
6225,84 
6226,62 
6227,62 
6228,54 
6229,36 
6230,36 
6231,36 
6232,74 
6233,74 
6234,36 
6235,32 
6236,32 
6237,149
6238,161
6239,133
6240,36 
6241,36 
6242,42 
6243,62 
6244,94 
6245,94 
6246,98 
6247,110
6248,118
6249,129
6250,129
6251,135
6252,135
6253,137
6254,135
6255,131
6256,120
6257,102
6258,110
6259,102
6260,110
6261,126
6262,163
6263,163
6264,133
6265,122
6266,110
6267,84 
6268,38 
6269,38 
6270,44 
6271,58 
6272,64 
6273,68 
6274,68 
6275,40 
6276,40 
6277,98 
6278,122
6279,131
6280,131
6281,129
6282,129
6283,124
6284,120
6285,124
6286,124
6287,126
6288,120
6289,129
6290,157
6291,181
6292,183
6293,183
6294,187
6295,193
6296,193
6297,193
6298,195
6299,195
6300,187
6301,38 
6302,62 
6303,54 
6304,54 
6305,54 
6306,78 
6307,110
6308,153
6309,153
6310,155
6311,153
6312,133
6313,106
6314,76 
6315,68 
6316,78 
6317,78 
6318,78 
6319,74 
6320,74 
6321,58 
6322,58 
6323,58 
6324,64 
6325,58 
6326,62 
6327,60 
6328,54 
6329,28 
6330,28 
6331,36 
6332,60 
6333,64 
6334,60 
6335,36 
6336,100
6337,131
6338,133
6339,36 
6340,34 
6341,32 
6342,36 
6343,72 
6344,94 
6345,94 
6346,98 
6347,110
6348,114
6349,118
6350,126
6351,133
6352,135
6353,135
6354,135
6355,131
6356,120
6357,104
6358,110
6359,104
6360,126
6361,139
6362,163
6363,147
6364,133
6365,122
6366,90 
6367,48 
6368,36 
6369,36 
6370,44 
6371,60 
6372,62 
6373,64 
6374,66 
6375,66 
6376,66 
6377,98 
6378,133
6379,133
6380,131
6381,129
6382,129
6383,129
6384,129
6385,122
6386,122
6387,122
6388,120
6389,124
6390,159
6391,179
6392,185
6393,185
6394,193
6395,193
6396,193
6397,193
6398,197
6399,195
6400,187
6401,48 
6402,58 
6403,56 
6404,58 
6405,62 
6406,74 
6407,122
6408,153
6409,155
6410,157
6411,157
6412,137
6413,106
6414,76 
6415,76 
6416,88 
6417,88 
6418,78 
6419,74 
6420,74 
6421,58 
6422,52 
6423,52 
6424,58 
6425,58 
6426,88 
6427,60 
6428,60 
6429,38 
6430,36 
6431,38 
6432,60 
6433,76 
6434,76 
6435,80 
6436,100
6437,100
6438,46 
6439,34 
6440,36 
6441,32 
6442,36 
6443,72 
6444,94 
6445,94 
6446,102
6447,104
6448,114
6449,118
6450,124
6451,133
6452,133
6453,133
6454,133
6455,131
6456,131
6457,110
6458,116
6459,137
6460,161
6461,169
6462,169
6463,135
6464,126
6465,114
6466,90 
6467,42 
6468,36 
6469,36 
6470,54 
6471,60 
6472,58 
6473,62 
6474,66 
6475,94 
6476,94 
6477,124
6478,135
6479,135
6480,131
6481,114
6482,114
6483,120
6484,122
6485,122
6486,122
6487,122
6488,120
6489,129
6490,169
6491,177
6492,185
6493,191
6494,193
6495,193
6496,191
6497,191
6498,207
6499,211
6500,195
6501,54 
6502,58 
6503,58 
6504,62 
6505,68 
6506,100
6507,122
6508,151
6509,153
6510,157
6511,157
6512,137
6513,106
6514,66 
6515,66 
6516,88 
6517,88 
6518,88 
6519,50 
6520,66 
6521,50 
6522,48 
6523,48 
6524,54 
6525,54 
6526,84 
6527,48 
6528,92 
6529,48 
6530,58 
6531,58 
6532,60 
6533,86 
6534,120
6535,100
6536,88 
6537,66 
6538,46 
6539,46 
6540,46 
6541,40 
6542,40 
6543,68 
6544,80 
6545,82 
6546,102
6547,104
6548,118
6549,120
6550,122
6551,124
6552,129
6553,129
6554,131
6555,129
6556,131
6557,126
6558,137
6559,155
6560,175
6561,181
6562,179
6563,135
6564,116
6565,112
6566,50 
6567,36 
6568,36 
6569,36 
6570,54 
6571,54 
6572,48 
6573,50 
6574,66 
6575,124
6576,110
6577,124
6578,133
6579,133
6580,129
6581,118
6582,118
6583,129
6584,122
6585,122
6586,122
6587,122
6588,118
6589,131
6590,169
6591,179
6592,191
6593,193
6594,195
6595,193
6596,195
6597,191
6598,203
6599,207
6600,201
6601,54 
6602,56 
6603,56 
6604,64 
6605,80 
6606,98 
6607,122
6608,149
6609,153
6610,159
6611,161
6612,143
6613,106
6614,76 
6615,76 
6616,94 
6617,90 
6618,92 
6619,54 
6620,58 
6621,50 
6622,48 
6623,52 
6624,54 
6625,54 
6626,76 
6627,82 
6628,102
6629,92 
6630,82 
6631,82 
6632,108
6633,133
6634,120
6635,82 
6636,64 
6637,48 
6638,48 
6639,48 
6640,48 
6641,44 
6642,64 
6643,66 
6644,80 
6645,82 
6646,100
6647,104
6648,118
6649,120
6650,122
6651,120
6652,126
6653,126
6654,129
6655,129
6656,131
6657,137
6658,137
6659,137
6660,161
6661,179
6662,155
6663,129
6664,114
6665,94 
6666,50 
6667,36 
6668,40 
6669,46 
6670,56 
6671,56 
6672,48 
6673,48 
6674,66 
6675,129
6676,124
6677,129
6678,129
6679,133
6680,122
6681,122
6682,118
6683,118
6684,120
6685,120
6686,120
6687,118
6688,118
6689,147
6690,169
6691,181
6692,191
6693,195
6694,199
6695,197
6696,197
6697,199
6698,203
6699,207
6700,201
6701,48 
6702,54 
6703,56 
6704,68 
6705,98 
6706,100
6707,129
6708,143
6709,151
6710,165
6711,165
6712,145
6713,112
6714,86 
6715,78 
6716,94 
6717,90 
6718,92 
6719,54 
6720,50 
6721,44 
6722,56 
6723,56 
6724,70 
6725,70 
6726,82 
6727,82 
6728,92 
6729,104
6730,82 
6731,86 
6732,108
6733,135
6734,84 
6735,82 
6736,48 
6737,48 
6738,48 
6739,50 
6740,56 
6741,48 
6742,56 
6743,64 
6744,76 
6745,82 
6746,98 
6747,104
6748,118
6749,120
6750,122
6751,120
6752,120
6753,120
6754,126
6755,126
6756,126
6757,126
6758,114
6759,110
6760,110
6761,110
6762,116
6763,116
6764,110
6765,62 
6766,38 
6767,38 
6768,46 
6769,46 
6770,56 
6771,56 
6772,46 
6773,46 
6774,110
6775,129
6776,124
6777,129
6778,129
6779,129
6780,126
6781,126
6782,126
6783,120
6784,120
6785,120
6786,120
6787,122
6788,124
6789,147
6790,179
6791,191
6792,199
6793,199
6794,199
6795,197
6796,197
6797,197
6798,199
6799,201
6800,201
6801,44 
6802,50 
6803,48 
6804,54 
6805,98 
6806,104
6807,133
6808,143
6809,165
6810,167
6811,165
6812,155
6813,112
6814,104
6815,86 
6816,94 
6817,92 
6818,92 
6819,44 
6820,32 
6821,44 
6822,48 
6823,66 
6824,70 
6825,70 
6826,64 
6827,64 
6828,82 
6829,90 
6830,96 
6831,143
6832,108
6833,165
6834,82 
6835,82 
6836,44 
6837,44 
6838,42 
6839,48 
6840,48 
6841,48 
6842,48 
6843,46 
6844,76 
6845,94 
6846,98 
6847,104
6848,116
6849,118
6850,129
6851,120
6852,126
6853,118
6854,110
6855,110
6856,122
6857,122
6858,114
6859,110
6860,110
6861,108
6862,108
6863,108
6864,104
6865,56 
6866,34 
6867,44 
6868,46 
6869,46 
6870,54 
6871,54 
6872,42 
6873,42 
6874,131
6875,131
6876,124
6877,129
6878,131
6879,133
6880,129
6881,126
6882,124
6883,120
6884,116
6885,112
6886,114
6887,108
6888,126
6889,151
6890,165
6891,195
6892,203
6893,211
6894,211
6895,201
6896,197
6897,195
6898,197
6899,199
6900,197
6901,36 
6902,44 
6903,44 
6904,48 
6905,66 
6906,104
6907,137
6908,145
6909,165
6910,167
6911,165
6912,145
6913,116
6914,104
6915,86 
6916,86 
6917,86 
6918,70 
6919,34 
6920,34 
6921,44 
6922,58 
6923,66 
6924,76 
6925,72 
6926,72 
6927,66 
6928,72 
6929,90 
6930,114
6931,143
6932,96 
6933,173
6934,82 
6935,62 
6936,38 
6937,40 
6938,40 
6939,42 
6940,48 
6941,48 
6942,46 
6943,46 
6944,56 
6945,76 
6946,98 
6947,102
6948,110
6949,114
6950,118
6951,120
6952,122
6953,120
6954,110
6955,108
6956,108
6957,122
6958,124
6959,133
6960,120
6961,118
6962,106
6963,104
6964,72 
6965,32 
6966,32 
6967,38 
6968,44 
6969,46 
6970,54 
6971,56 
6972,44 
6973,44 
6974,124
6975,124
6976,124
6977,131
6978,131
6979,131
6980,126
6981,122
6982,126
6983,122
6984,120
6985,118
6986,124
6987,124
6988,135
6989,151
6990,181
6991,197
6992,201
6993,203
6994,205
6995,205
6996,201
6997,197
6998,197
6999,193
7000,193
7001,34 
7002,40 
7003,40 
7004,42 
7005,66 
7006,90 
7007,133
7008,147
7009,159
7010,159
7011,159
7012,143
7013,116
7014,102
7015,100
7016,86 
7017,86 
7018,52 
7019,34 
7020,34 
7021,48 
7022,54 
7023,66 
7024,84 
7025,72 
7026,72 
7027,72 
7028,72 
7029,90 
7030,114
7031,143
7032,161
7033,161
7034,42 
7035,42 
7036,40 
7037,42 
7038,40 
7039,42 
7040,46 
7041,48 
7042,46 
7043,40 
7044,50 
7045,56 
7046,86 
7047,92 
7048,104
7049,108
7050,114
7051,118
7052,122
7053,122
7054,114
7055,112
7056,114
7057,124
7058,124
7059,133
7060,126
7061,124
7062,118
7063,84 
7064,46 
7065,32 
7066,36 
7067,38 
7068,38 
7069,46 
7070,54 
7071,60 
7072,52 
7073,54 
7074,114
7075,124
7076,124
7077,131
7078,133
7079,133
7080,137
7081,129
7082,129
7083,124
7084,118
7085,114
7086,118
7087,106
7088,135
7089,151
7090,195
7091,201
7092,197
7093,207
7094,205
7095,211
7096,205
7097,197
7098,197
7099,195
7100,193
7101,36 
7102,40 
7103,40 
7104,44 
7105,76 
7106,90 
7107,139
7108,147
7109,159
7110,159
7111,149
7112,137
7113,124
7114,102
7115,96 
7116,86 
7117,58 
7118,48 
7119,34 
7120,34 
7121,50 
7122,58 
7123,94 
7124,110
7125,94 
7126,72 
7127,72 
7128,72 
7129,90 
7130,129
7131,129
7132,161
7133,50 
7134,40 
7135,40 
7136,40 
7137,40 
7138,40 
7139,42 
7140,44 
7141,46 
7142,44 
7143,38 
7144,40 
7145,54 
7146,72 
7147,86 
7148,90 
7149,106
7150,110
7151,112
7152,118
7153,120
7154,122
7155,122
7156,124
7157,126
7158,126
7159,126
7160,124
7161,124
7162,120
7163,58 
7164,38 
7165,34 
7166,36 
7167,38 
7168,40 
7169,48 
7170,60 
7171,60 
7172,60 
7173,64 
7174,124
7175,126
7176,131
7177,133
7178,133
7179,133
7180,122
7181,129
7182,129
7183,126
7184,118
7185,118
7186,118
7187,114
7188,114
7189,149
7190,185
7191,203
7192,201
7193,201
7194,201
7195,211
7196,205
7197,205
7198,195
7199,193
7200,183
7201,28 
7202,36 
7203,40 
7204,54 
7205,82 
7206,94 
7207,129
7208,149
7209,157
7210,157
7211,149
7212,137
7213,102
7214,98 
7215,82 
7216,82 
7217,58 
7218,48 
7219,42 
7220,34 
7221,34 
7222,52 
7223,64 
7224,98 
7225,92 
7226,86 
7227,78 
7228,74 
7229,80 
7230,120
7231,129
7232,78 
7233,36 
7234,34 
7235,38 
7236,40 
7237,44 
7238,40 
7239,40 
7240,42 
7241,44 
7242,44 
7243,40 
7244,40 
7245,44 
7246,54 
7247,72 
7248,88 
7249,98 
7250,108
7251,110
7252,112
7253,120
7254,124
7255,126
7256,137
7257,145
7258,147
7259,131
7260,124
7261,122
7262,68 
7263,38 
7264,38 
7265,34 
7266,38 
7267,42 
7268,46 
7269,66 
7270,66 
7271,60 
7272,56 
7273,68 
7274,114
7275,129
7276,131
7277,131
7278,131
7279,131
7280,126
7281,129
7282,129
7283,126
7284,120
7285,116
7286,114
7287,112
7288,114
7289,151
7290,185
7291,207
7292,205
7293,205
7294,201
7295,201
7296,201
7297,197
7298,195
7299,195
7300,183
7301,28 
7302,36 
7303,44 
7304,78 
7305,90 
7306,100
7307,129
7308,149
7309,157
7310,157
7311,153
7312,147
7313,124
7314,78 
7315,70 
7316,70 
7317,58 
7318,50 
7319,40 
7320,34 
7321,34 
7322,48 
7323,50 
7324,94 
7325,78 
7326,86 
7327,86 
7328,110
7329,110
7330,116
7331,66 
7332,46 
7333,36 
7334,36 
7335,36 
7336,36 
7337,36 
7338,36 
7339,36 
7340,40 
7341,42 
7342,44 
7343,42 
7344,42 
7345,44 
7346,48 
7347,54 
7348,72 
7349,94 
7350,100
7351,106
7352,112
7353,116
7354,124
7355,129
7356,145
7357,147
7358,147
7359,133
7360,124
7361,110
7362,46 
7363,38 
7364,38 
7365,40 
7366,40 
7367,40 
7368,46 
7369,68 
7370,68 
7371,60 
7372,64 
7373,68 
7374,141
7375,129
7376,131
7377,129
7378,131
7379,129
7380,124
7381,126
7382,124
7383,126
7384,120
7385,114
7386,112
7387,112
7388,114
7389,169
7390,197
7391,207
7392,205
7393,205
7394,201
7395,201
7396,197
7397,193
7398,193
7399,185
7400,135
7401,28 
7402,32 
7403,34 
7404,90 
7405,94 
7406,100
7407,126
7408,147
7409,157
7410,163
7411,159
7412,149
7413,104
7414,78 
7415,70 
7416,70 
7417,50 
7418,50 
7419,44 
7420,40 
7421,32 
7422,40 
7423,44 
7424,74 
7425,74 
7426,92 
7427,92 
7428,116
7429,110
7430,110
7431,66 
7432,42 
7433,36 
7434,36 
7435,36 
7436,36 
7437,36 
7438,36 
7439,36 
7440,32 
7441,28 
7442,42 
7443,44 
7444,44 
7445,44 
7446,48 
7447,48 
7448,60 
7449,64 
7450,94 
7451,98 
7452,106
7453,112
7454,124
7455,129
7456,141
7457,145
7458,143
7459,133
7460,124
7461,102
7462,46 
7463,40 
7464,40 
7465,40 
7466,40 
7467,38 
7468,36 
7469,40 
7470,56 
7471,54 
7472,56 
7473,68 
7474,108
7475,129
7476,129
7477,129
7478,131
7479,131
7480,126
7481,129
7482,129
7483,129
7484,122
7485,110
7486,104
7487,104
7488,112
7489,197
7490,203
7491,207
7492,205
7493,205
7494,203
7495,199
7496,193
7497,191
7498,185
7499,135
7500,30 
7501,34 
7502,42 
7503,34 
7504,44 
7505,90 
7506,100
7507,124
7508,147
7509,155
7510,161
7511,159
7512,149
7513,147
7514,104
7515,64 
7516,50 
7517,44 
7518,44 
7519,44 
7520,40 
7521,30 
7522,48 
7523,74 
7524,86 
7525,74 
7526,80 
7527,82 
7528,100
7529,102
7530,100
7531,90 
7532,50 
7533,36 
7534,36 
7535,36 
7536,36 
7537,36 
7538,36 
7539,36 
7540,32 
7541,28 
7542,36 
7543,42 
7544,44 
7545,44 
7546,48 
7547,48 
7548,60 
7549,64 
7550,94 
7551,100
7552,106
7553,116
7554,120
7555,124
7556,133
7557,133
7558,139
7559,126
7560,126
7561,110
7562,46 
7563,40 
7564,42 
7565,40 
7566,40 
7567,36 
7568,36 
7569,40 
7570,56 
7571,56 
7572,64 
7573,78 
7574,129
7575,129
7576,110
7577,96 
7578,120
7579,129
7580,118
7581,118
7582,118
7583,129
7584,120
7585,112
7586,100
7587,98 
7588,104
7589,201
7590,201
7591,205
7592,201
7593,205
7594,203
7595,193
7596,181
7597,149
7598,88 
7599,50 
7600,30 
7601,34 
7602,42 
7603,30 
7604,30 
7605,66 
7606,90 
7607,116
7608,151
7609,155
7610,159
7611,155
7612,149
7613,129
7614,104
7615,62 
7616,48 
7617,40 
7618,44 
7619,44 
7620,44 
7621,38 
7622,58 
7623,74 
7624,88 
7625,88 
7626,92 
7627,82 
7628,92 
7629,100
7630,100
7631,100
7632,90 
7633,42 
7634,36 
7635,44 
7636,46 
7637,44 
7638,30 
7639,32 
7640,34 
7641,32 
7642,36 
7643,40 
7644,42 
7645,42 
7646,44 
7647,60 
7648,82 
7649,96 
7650,106
7651,108
7652,108
7653,112
7654,118
7655,120
7656,129
7657,129
7658,133
7659,133
7660,147
7661,157
7662,120
7663,46 
7664,44 
7665,42 
7666,42 
7667,38 
7668,36 
7669,50 
7670,62 
7671,62 
7672,62 
7673,78 
7674,108
7675,108
7676,108
7677,96 
7678,106
7679,106
7680,94 
7681,94 
7682,108
7683,112
7684,112
7685,100
7686,98 
7687,98 
7688,131
7689,201
7690,201
7691,199
7692,197
7693,197
7694,189
7695,181
7696,149
7697,66 
7698,50 
7699,50 
7700,30 
7701,44 
7702,52 
7703,44 
7704,30 
7705,54 
7706,76 
7707,98 
7708,151
7709,153
7710,155
7711,151
7712,145
7713,129
7714,106
7715,50 
7716,48 
7717,36 
7718,44 
7719,36 
7720,44 
7721,38 
7722,60 
7723,60 
7724,88 
7725,88 
7726,94 
7727,78 
7728,96 
7729,98 
7730,96 
7731,102
7732,90 
7733,106
7734,50 
7735,50 
7736,46 
7737,30 
7738,28 
7739,30 
7740,32 
7741,34 
7742,40 
7743,40 
7744,40 
7745,40 
7746,50 
7747,62 
7748,96 
7749,102
7750,108
7751,112
7752,112
7753,118
7754,120
7755,120
7756,129
7757,129
7758,139
7759,153
7760,163
7761,169
7762,171
7763,175
7764,175
7765,171
7766,44 
7767,32 
7768,32 
7769,48 
7770,62 
7771,64 
7772,62 
7773,70 
7774,108
7775,114
7776,108
7777,106
7778,106
7779,106
7780,92 
7781,90 
7782,88 
7783,88 
7784,90 
7785,96 
7786,96 
7787,96 
7788,131
7789,201
7790,201
7791,197
7792,195
7793,185
7794,183
7795,149
7796,56 
7797,50 
7798,50 
7799,56 
7800,50 
7801,76 
7802,90 
7803,52 
7804,52 
7805,54 
7806,66 
7807,98 
7808,139
7809,145
7810,155
7811,143
7812,141
7813,110
7814,84 
7815,36 
7816,40 
7817,36 
7818,54 
7819,54 
7820,76 
7821,56 
7822,56 
7823,52 
7824,58 
7825,86 
7826,94 
7827,84 
7828,96 
7829,98 
7830,96 
7831,96 
7832,92 
7833,139
7834,52 
7835,44 
7836,38 
7837,36 
7838,28 
7839,32 
7840,34 
7841,36 
7842,40 
7843,40 
7844,40 
7845,42 
7846,56 
7847,64 
7848,96 
7849,98 
7850,106
7851,112
7852,112
7853,114
7854,120
7855,118
7856,126
7857,129
7858,129
7859,153
7860,167
7861,171
7862,185
7863,185
7864,185
7865,189
7866,189
7867,135
7868,46 
7869,48 
7870,50 
7871,58 
7872,54 
7873,70 
7874,108
7875,116
7876,108
7877,110
7878,110
7879,114
7880,110
7881,92 
7882,90 
7883,88 
7884,86 
7885,90 
7886,78 
7887,92 
7888,112
7889,203
7890,203
7891,195
7892,191
7893,183
7894,147
7895,62 
7896,62 
7897,62 
7898,70 
7899,72 
7900,56 
7901,104
7902,112
7903,90 
7904,52 
7905,52 
7906,56 
7907,108
7908,139
7909,145
7910,155
7911,145
7912,141
7913,110
7914,104
7915,38 
7916,36 
7917,38 
7918,50 
7919,54 
7920,56 
7921,54 
7922,52 
7923,50 
7924,52 
7925,64 
7926,66 
7927,66 
7928,66 
7929,96 
7930,96 
7931,104
7932,92 
7933,106
7934,106
7935,54 
7936,32 
7937,26 
7938,26 
7939,36 
7940,36 
7941,38 
7942,40 
7943,40 
7944,40 
7945,52 
7946,58 
7947,64 
7948,86 
7949,96 
7950,104
7951,108
7952,114
7953,120
7954,120
7955,122
7956,126
7957,133
7958,133
7959,153
7960,155
7961,167
7962,171
7963,187
7964,191
7965,191
7966,191
7967,191
7968,64 
7969,48 
7970,48 
7971,54 
7972,48 
7973,70 
7974,116
7975,126
7976,120
7977,118
7978,116
7979,116
7980,114
7981,110
7982,96 
7983,96 
7984,78 
7985,94 
7986,80 
7987,92 
7988,112
7989,201
7990,201
7991,197
7992,191
7993,147
7994,78 
7995,62 
7996,62 
7997,62 
7998,72 
7999,72 
8000,56 
8001,104
8002,120
8003,120
8004,84 
8005,56 
8006,58 
8007,108
8008,141
8009,147
8010,161
8011,149
8012,149
8013,131
8014,82 
8015,38 
8016,36 
8017,38 
8018,44 
8019,50 
8020,54 
8021,52 
8022,50 
8023,50 
8024,52 
8025,62 
8026,52 
8027,50 
8028,52 
8029,92 
8030,98 
8031,104
8032,104
8033,106
8034,141
8035,106
8036,28 
8037,28 
8038,36 
8039,42 
8040,42 
8041,42 
8042,40 
8043,40 
8044,50 
8045,64 
8046,64 
8047,78 
8048,86 
8049,94 
8050,104
8051,108
8052,120
8053,122
8054,120
8055,122
8056,126
8057,131
8058,133
8059,141
8060,151
8061,155
8062,165
8063,179
8064,189
8065,191
8066,193
8067,205
8068,205
8069,64 
8070,40 
8071,40 
8072,42 
8073,54 
8074,122
8075,129
8076,124
8077,124
8078,120
8079,118
8080,114
8081,110
8082,102
8083,100
8084,100
8085,100
8086,96 
8087,110
8088,179
8089,201
8090,201
8091,199
8092,191
8093,90 
8094,62 
8095,62 
8096,62 
8097,82 
8098,80 
8099,80 
8100,70 
8101,56 
8102,110
8103,120
8104,104
8105,74 
8106,74 
8107,110
8108,141
8109,147
8110,151
8111,147
8112,149
8113,131
8114,98 
8115,38 
8116,36 
8117,36 
8118,36 
8119,38 
8120,44 
8121,48 
8122,48 
8123,48 
8124,38 
8125,62 
8126,62 
8127,62 
8128,52 
8129,82 
8130,96 
8131,106
8132,104
8133,104
8134,106
8135,106
8136,28 
8137,28 
8138,36 
8139,42 
8140,42 
8141,44 
8142,44 
8143,40 
8144,50 
8145,68 
8146,64 
8147,78 
8148,86 
8149,96 
8150,116
8151,116
8152,124
8153,120
8154,120
8155,122
8156,126
8157,131
8158,135
8159,141
8160,153
8161,155
8162,165
8163,177
8164,181
8165,189
8166,193
8167,205
8168,205
8169,201
8170,50 
8171,36 
8172,40 
8173,42 
8174,120
8175,126
8176,120
8177,120
8178,120
8179,124
8180,116
8181,112
8182,108
8183,106
8184,106
8185,116
8186,118
8187,135
8188,185
8189,201
8190,201
8191,199
8192,153
8193,66 
8194,60 
8195,74 
8196,78 
8197,82 
8198,80 
8199,80 
8200,72 
8201,34 
8202,82 
8203,120
8204,120
8205,74 
8206,74 
8207,108
8208,141
8209,151
8210,155
8211,149
8212,147
8213,126
8214,98 
8215,36 
8216,34 
8217,36 
8218,42 
8219,38 
8220,38 
8221,38 
8222,36 
8223,36 
8224,38 
8225,56 
8226,46 
8227,56 
8228,46 
8229,82 
8230,92 
8231,124
8232,106
8233,104
8234,104
8235,60 
8236,28 
8237,28 
8238,36 
8239,42 
8240,44 
8241,44 
8242,38 
8243,38 
8244,54 
8245,74 
8246,74 
8247,74 
8248,84 
8249,110
8250,116
8251,116
8252,120
8253,120
8254,122
8255,124
8256,129
8257,129
8258,135
8259,139
8260,147
8261,151
8262,157
8263,171
8264,177
8265,181
8266,189
8267,197
8268,205
8269,205
8270,102
8271,40 
8272,40 
8273,52 
8274,120
8275,126
8276,122
8277,122
8278,120
8279,120
8280,116
8281,112
8282,112
8283,110
8284,110
8285,118
8286,129
8287,161
8288,201
8289,203
8290,201
8291,191
8292,98 
8293,58 
8294,60 
8295,76 
8296,84 
8297,82 
8298,80 
8299,80 
8300,76 
8301,24 
8302,74 
8303,129
8304,129
8305,80 
8306,80 
8307,108
8308,141
8309,151
8310,155
8311,151
8312,141
8313,126
8314,98 
8315,32 
8316,32 
8317,32 
8318,34 
8319,32 
8320,38 
8321,38 
8322,38 
8323,38 
8324,38 
8325,44 
8326,46 
8327,56 
8328,64 
8329,82 
8330,84 
8331,114
8332,114
8333,76 
8334,76 
8335,60 
8336,36 
8337,36 
8338,32 
8339,38 
8340,42 
8341,46 
8342,46 
8343,38 
8344,54 
8345,80 
8346,74 
8347,74 
8348,86 
8349,110
8350,116
8351,116
8352,120
8353,120
8354,122
8355,124
8356,129
8357,129
8358,135
8359,139
8360,147
8361,147
8362,157
8363,169
8364,171
8365,181
8366,189
8367,197
8368,203
8369,207
8370,207
8371,70 
8372,50 
8373,60 
8374,122
8375,126
8376,122
8377,122
8378,118
8379,116
8380,114
8381,112
8382,112
8383,108
8384,110
8385,118
8386,161
8387,187
8388,203
8389,203
8390,201
8391,145
8392,74 
8393,74 
8394,74 
8395,78 
8396,80 
8397,80 
8398,80 
8399,80 
8400,76 
8401,24 
8402,68 
8403,129
8404,129
8405,110
8406,102
8407,116
8408,147
8409,157
8410,157
8411,155
8412,147
8413,110
8414,46 
8415,30 
8416,32 
8417,32 
8418,32 
8419,28 
8420,38 
8421,38 
8422,36 
8423,34 
8424,38 
8425,42 
8426,44 
8427,46 
8428,50 
8429,70 
8430,86 
8431,108
8432,114
8433,84 
8434,76 
8435,60 
8436,44 
8437,44 
8438,38 
8439,44 
8440,46 
8441,50 
8442,46 
8443,52 
8444,84 
8445,86 
8446,80 
8447,74 
8448,90 
8449,110
8450,110
8451,110
8452,110
8453,118
8454,122
8455,129
8456,129
8457,131
8458,135
8459,137
8460,139
8461,147
8462,151
8463,161
8464,171
8465,181
8466,189
8467,197
8468,203
8469,209
8470,207
8471,149
8472,60 
8473,70 
8474,122
8475,126
8476,122
8477,129
8478,120
8479,116
8480,114
8481,112
8482,102
8483,102
8484,108
8485,116
8486,185
8487,195
8488,205
8489,203
8490,197
8491,108
8492,74 
8493,74 
8494,78 
8495,84 
8496,84 
8497,80 
8498,80 
8499,76 
8500,64 
8501,26 
8502,40 
8503,129
8504,129
8505,110
8506,94 
8507,116
8508,137
8509,153
8510,155
8511,155
8512,139
8513,104
8514,46 
8515,30 
8516,34 
8517,30 
8518,32 
8519,28 
8520,40 
8521,46 
8522,48 
8523,36 
8524,36 
8525,38 
8526,38 
8527,44 
8528,50 
8529,64 
8530,90 
8531,106
8532,108
8533,88 
8534,84 
8535,86 
8536,68 
8537,44 
8538,44 
8539,46 
8540,50 
8541,50 
8542,52 
8543,70 
8544,86 
8545,96 
8546,96 
8547,90 
8548,102
8549,110
8550,116
8551,118
8552,118
8553,118
8554,122
8555,122
8556,122
8557,131
8558,135
8559,135
8560,145
8561,147
8562,151
8563,161
8564,171
8565,179
8566,189
8567,195
8568,199
8569,205
8570,205
8571,185
8572,112
8573,112
8574,122
8575,124
8576,122
8577,118
8578,118
8579,114
8580,114
8581,112
8582,102
8583,102
8584,104
8585,185
8586,189
8587,199
8588,201
8589,201
8590,157
8591,102
8592,74 
8593,74 
8594,78 
8595,78 
8596,78 
8597,78 
8598,78 
8599,68 
8600,56 
8601,26 
8602,40 
8603,126
8604,126
8605,98 
8606,90 
8607,116
8608,139
8609,151
8610,155
8611,155
8612,139
8613,104
8614,44 
8615,30 
8616,34 
8617,34 
8618,36 
8619,36 
8620,40 
8621,46 
8622,48 
8623,36 
8624,32 
8625,36 
8626,38 
8627,40 
8628,46 
8629,54 
8630,90 
8631,100
8632,100
8633,90 
8634,72 
8635,58 
8636,48 
8637,44 
8638,48 
8639,50 
8640,52 
8641,52 
8642,54 
8643,70 
8644,84 
8645,96 
8646,96 
8647,92 
8648,94 
8649,114
8650,118
8651,118
8652,118
8653,106
8654,118
8655,122
8656,122
8657,124
8658,133
8659,135
8660,139
8661,145
8662,147
8663,151
8664,169
8665,179
8666,189
8667,195
8668,199
8669,199
8670,203
8671,189
8672,112
8673,112
8674,122
8675,124
8676,118
8677,114
8678,118
8679,114
8680,114
8681,108
8682,102
8683,102
8684,104
8685,157
8686,197
8687,199
8688,201
8689,199
8690,124
8691,96 
8692,80 
8693,80 
8694,78 
8695,78 
8696,70 
8697,70 
8698,74 
8699,68 
8700,56 
8701,28 
8702,32 
8703,106
8704,106
8705,98 
8706,90 
8707,92 
8708,139
8709,151
8710,155
8711,159
8712,145
8713,131
8714,50 
8715,34 
8716,36 
8717,36 
8718,40 
8719,36 
8720,40 
8721,38 
8722,40 
8723,38 
8724,30 
8725,36 
8726,38 
8727,44 
8728,46 
8729,54 
8730,96 
8731,100
8732,96 
8733,88 
8734,70 
8735,38 
8736,38 
8737,38 
8738,38 
8739,36 
8740,52 
8741,52 
8742,54 
8743,62 
8744,90 
8745,98 
8746,94 
8747,92 
8748,104
8749,114
8750,118
8751,118
8752,118
8753,118
8754,118
8755,120
8756,120
8757,122
8758,126
8759,135
8760,137
8761,141
8762,145
8763,151
8764,167
8765,179
8766,189
8767,195
8768,189
8769,189
8770,189
8771,185
8772,120
8773,120
8774,122
8775,126
8776,122
8777,114
8778,112
8779,112
8780,108
8781,106
8782,104
8783,104
8784,104
8785,157
8786,189
8787,197
8788,197
8789,171
8790,102
8791,94 
8792,84 
8793,76 
8794,76 
8795,70 
8796,66 
8797,70 
8798,68 
8799,68 
8800,56 
8801,26 
8802,30 
8803,106
8804,118
8805,106
8806,90 
8807,90 
8808,139
8809,153
8810,159
8811,159
8812,145
8813,131
8814,60 
8815,36 
8816,36 
8817,36 
8818,40 
8819,36 
8820,40 
8821,40 
8822,40 
8823,38 
8824,34 
8825,34 
8826,34 
8827,38 
8828,38 
8829,46 
8830,54 
8831,90 
8832,94 
8833,62 
8834,56 
8835,38 
8836,38 
8837,38 
8838,38 
8839,38 
8840,38 
8841,46 
8842,54 
8843,72 
8844,98 
8845,98 
8846,94 
8847,92 
8848,100
8849,118
8850,120
8851,120
8852,120
8853,118
8854,118
8855,116
8856,120
8857,122
8858,131
8859,133
8860,137
8861,139
8862,141
8863,143
8864,151
8865,171
8866,183
8867,187
8868,187
8869,187
8870,189
8871,189
8872,177
8873,120
8874,112
8875,122
8876,112
8877,112
8878,112
8879,118
8880,114
8881,114
8882,114
8883,112
8884,116
8885,135
8886,157
8887,197
8888,197
8889,137
8890,94 
8891,92 
8892,82 
8893,80 
8894,66 
8895,70 
8896,66 
8897,74 
8898,74 
8899,74 
8900,56 
8901,28 
8902,28 
8903,106
8904,118
8905,118
8906,92 
8907,92 
8908,141
8909,153
8910,159
8911,153
8912,145
8913,126
8914,60 
8915,36 
8916,36 
8917,36 
8918,38 
8919,40 
8920,40 
8921,40 
8922,38 
8923,36 
8924,34 
8925,34 
8926,36 
8927,44 
8928,44 
8929,38 
8930,54 
8931,60 
8932,60 
8933,60 
8934,54 
8935,38 
8936,36 
8937,36 
8938,36 
8939,34 
8940,26 
8941,46 
8942,54 
8943,76 
8944,98 
8945,98 
8946,96 
8947,98 
8948,106
8949,118
8950,120
8951,120
8952,122
8953,120
8954,120
8955,116
8956,116
8957,112
8958,129
8959,133
8960,133
8961,137
8962,137
8963,139
8964,145
8965,173
8966,179
8967,185
8968,187
8969,187
8970,197
8971,205
8972,181
8973,120
8974,90 
8975,90 
8976,90 
8977,100
8978,112
8979,126
8980,114
8981,114
8982,118
8983,118
8984,116
8985,122
8986,151
8987,197
8988,197
8989,131
8990,92 
8991,80 
8992,70 
8993,68 
8994,62 
8995,68 
8996,76 
8997,76 
8998,66 
8999,66 
9000,56 
9001,24 
9002,28 
9003,118
9004,131
9005,120
9006,78 
9007,78 
9008,141
9009,153
9010,159
9011,153
9012,145
9013,118
9014,60 
9015,42 
9016,36 
9017,38 
9018,40 
9019,40 
9020,40 
9021,40 
9022,38 
9023,36 
9024,36 
9025,36 
9026,36 
9027,38 
9028,52 
9029,54 
9030,54 
9031,40 
9032,54 
9033,60 
9034,54 
9035,42 
9036,32 
9037,32 
9038,34 
9039,34 
9040,42 
9041,50 
9042,72 
9043,84 
9044,96 
9045,96 
9046,96 
9047,98 
9048,100
9049,118
9050,120
9051,122
9052,122
9053,122
9054,118
9055,116
9056,112
9057,112
9058,129
9059,129
9060,133
9061,133
9062,137
9063,137
9064,145
9065,155
9066,177
9067,181
9068,185
9069,187
9070,197
9071,209
9072,209
9073,102
9074,78 
9075,78 
9076,90 
9077,96 
9078,100
9079,100
9080,110
9081,110
9082,118
9083,124
9084,124
9085,124
9086,151
9087,197
9088,189
9089,110
9090,76 
9091,74 
9092,70 
9093,62 
9094,62 
9095,68 
9096,72 
9097,74 
9098,66 
9099,56 
9100,42 
9101,28 
9102,36 
9103,147
9104,147
9105,131
9106,96 
9107,96 
9108,147
9109,153
9110,161
9111,153
9112,147
9113,118
9114,50 
9115,40 
9116,34 
9117,38 
9118,44 
9119,40 
9120,40 
9121,38 
9122,38 
9123,40 
9124,36 
9125,38 
9126,38 
9127,38 
9128,52 
9129,70 
9130,70 
9131,56 
9132,56 
9133,54 
9134,46 
9135,42 
9136,32 
9137,32 
9138,34 
9139,34 
9140,50 
9141,56 
9142,78 
9143,92 
9144,80 
9145,82 
9146,88 
9147,98 
9148,108
9149,118
9150,120
9151,118
9152,122
9153,118
9154,118
9155,112
9156,112
9157,108
9158,118
9159,129
9160,131
9161,133
9162,137
9163,137
9164,155
9165,169
9166,175
9167,179
9168,185
9169,193
9170,195
9171,203
9172,195
9173,104
9174,78 
9175,76 
9176,76 
9177,76 
9178,76 
9179,58 
9180,58 
9181,94 
9182,124
9183,129
9184,131
9185,133
9186,183
9187,189
9188,145
9189,76 
9190,64 
9191,62 
9192,64 
9193,66 
9194,68 
9195,68 
9196,68 
9197,68 
9198,62 
9199,42 
9200,38 
9201,28 
9202,64 
9203,147
9204,149
9205,147
9206,88 
9207,88 
9208,151
9209,159
9210,161
9211,153
9212,149
9213,88 
9214,58 
9215,42 
9216,42 
9217,42 
9218,46 
9219,36 
9220,38 
9221,36 
9222,38 
9223,40 
9224,32 
9225,32 
9226,32 
9227,38 
9228,50 
9229,70 
9230,74 
9231,76 
9232,78 
9233,74 
9234,46 
9235,42 
9236,32 
9237,32 
9238,34 
9239,40 
9240,60 
9241,80 
9242,96 
9243,96 
9244,80 
9245,42 
9246,88 
9247,108
9248,116
9249,118
9250,118
9251,118
9252,118
9253,118
9254,118
9255,118
9256,120
9257,118
9258,120
9259,126
9260,129
9261,129
9262,137
9263,139
9264,155
9265,151
9266,169
9267,175
9268,181
9269,193
9270,195
9271,195
9272,195
9273,183
9274,90 
9275,78 
9276,82 
9277,78 
9278,58 
9279,56 
9280,46 
9281,58 
9282,110
9283,169
9284,133
9285,133
9286,161
9287,161
9288,116
9289,64 
9290,62 
9291,60 
9292,74 
9293,76 
9294,74 
9295,68 
9296,72 
9297,72 
9298,52 
9299,44 
9300,38 
9301,64 
9302,66 
9303,112
9304,151
9305,151
9306,94 
9307,94 
9308,151
9309,157
9310,161
9311,155
9312,153
9313,78 
9314,40 
9315,40 
9316,40 
9317,36 
9318,44 
9319,36 
9320,36 
9321,36 
9322,36 
9323,40 
9324,32 
9325,32 
9326,32 
9327,38 
9328,44 
9329,44 
9330,74 
9331,76 
9332,78 
9333,56 
9334,46 
9335,38 
9336,36 
9337,36 
9338,38 
9339,56 
9340,78 
9341,80 
9342,96 
9343,80 
9344,80 
9345,80 
9346,104
9347,114
9348,116
9349,118
9350,120
9351,120
9352,122
9353,122
9354,122
9355,122
9356,122
9357,118
9358,120
9359,122
9360,126
9361,126
9362,131
9363,137
9364,151
9365,151
9366,151
9367,163
9368,179
9369,195
9370,195
9371,195
9372,191
9373,183
9374,90 
9375,64 
9376,78 
9377,78 
9378,76 
9379,62 
9380,46 
9381,48 
9382,78 
9383,201
9384,191
9385,167
9386,133
9387,116
9388,64 
9389,58 
9390,58 
9391,58 
9392,76 
9393,76 
9394,74 
9395,66 
9396,74 
9397,78 
9398,52 
9399,44 
9400,42 
9401,66 
9402,68 
9403,112
9404,149
9405,149
9406,94 
9407,94 
9408,153
9409,157
9410,167
9411,157
9412,153
9413,78 
9414,38 
9415,36 
9416,38 
9417,40 
9418,40 
9419,36 
9420,36 
9421,36 
9422,32 
9423,32 
9424,32 
9425,34 
9426,36 
9427,44 
9428,48 
9429,50 
9430,60 
9431,76 
9432,78 
9433,50 
9434,46 
9435,32 
9436,36 
9437,36 
9438,40 
9439,56 
9440,58 
9441,58 
9442,58 
9443,80 
9444,98 
9445,98 
9446,108
9447,108
9448,118
9449,118
9450,118
9451,120
9452,122
9453,122
9454,126
9455,129
9456,129
9457,122
9458,122
9459,122
9460,124
9461,124
9462,126
9463,131
9464,135
9465,139
9466,147
9467,151
9468,165
9469,195
9470,195
9471,195
9472,195
9473,179
9474,118
9475,78 
9476,74 
9477,74 
9478,74 
9479,64 
9480,62 
9481,64 
9482,78 
9483,191
9484,179
9485,131
9486,68 
9487,66 
9488,64 
9489,60 
9490,64 
9491,82 
9492,80 
9493,76 
9494,66 
9495,74 
9496,82 
9497,80 
9498,64 
9499,50 
9500,44 
9501,66 
9502,70 
9503,112
9504,143
9505,143
9506,96 
9507,96 
9508,153
9509,161
9510,167
9511,163
9512,151
9513,78 
9514,36 
9515,36 
9516,38 
9517,40 
9518,40 
9519,40 
9520,36 
9521,38 
9522,36 
9523,50 
9524,34 
9525,36 
9526,36 
9527,42 
9528,52 
9529,46 
9530,60 
9531,68 
9532,68 
9533,38 
9534,38 
9535,34 
9536,36 
9537,36 
9538,44 
9539,70 
9540,70 
9541,58 
9542,58 
9543,80 
9544,102
9545,104
9546,114
9547,108
9548,114
9549,106
9550,118
9551,120
9552,122
9553,129
9554,131
9555,137
9556,129
9557,126
9558,126
9559,122
9560,124
9561,124
9562,124
9563,129
9564,135
9565,141
9566,151
9567,151
9568,163
9569,177
9570,179
9571,197
9572,179
9573,179
9574,126
9575,84 
9576,74 
9577,74 
9578,76 
9579,80 
9580,80 
9581,76 
9582,76 
9583,153
9584,153
9585,78 
9586,68 
9587,68 
9588,66 
9589,64 
9590,74 
9591,76 
9592,76 
9593,62 
9594,62 
9595,82 
9596,86 
9597,78 
9598,60 
9599,48 
9600,44 
9601,34 
9602,68 
9603,74 
9604,143
9605,143
9606,104
9607,104
9608,153
9609,159
9610,163
9611,167
9612,151
9613,78 
9614,36 
9615,28 
9616,40 
9617,40 
9618,40 
9619,40 
9620,42 
9621,42 
9622,36 
9623,54 
9624,78 
9625,78 
9626,56 
9627,36 
9628,52 
9629,44 
9630,60 
9631,68 
9632,68 
9633,34 
9634,34 
9635,34 
9636,36 
9637,44 
9638,70 
9639,70 
9640,72 
9641,78 
9642,98 
9643,100
9644,110
9645,110
9646,116
9647,116
9648,114
9649,112
9650,116
9651,118
9652,124
9653,129
9654,129
9655,137
9656,137
9657,137
9658,129
9659,126
9660,124
9661,124
9662,124
9663,129
9664,137
9665,141
9666,147
9667,149
9668,163
9669,175
9670,179
9671,179
9672,191
9673,191
9674,175
9675,84 
9676,64 
9677,64 
9678,80 
9679,80 
9680,80 
9681,88 
9682,88 
9683,86 
9684,78 
9685,78 
9686,70 
9687,70 
9688,66 
9689,66 
9690,64 
9691,64 
9692,58 
9693,58 
9694,68 
9695,80 
9696,76 
9697,64 
9698,50 
9699,44 
9700,40 
9701,32 
9702,38 
9703,70 
9704,143
9705,155
9706,139
9707,135
9708,141
9709,159
9710,163
9711,167
9712,147
9713,82 
9714,36 
9715,36 
9716,42 
9717,40 
9718,46 
9719,44 
9720,44 
9721,44 
9722,38 
9723,78 
9724,78 
9725,78 
9726,56 
9727,36 
9728,36 
9729,36 
9730,40 
9731,68 
9732,68 
9733,38 
9734,32 
9735,32 
9736,36 
9737,64 
9738,78 
9739,78 
9740,94 
9741,102
9742,104
9743,108
9744,110
9745,110
9746,112
9747,116
9748,112
9749,112
9750,112
9751,116
9752,122
9753,124
9754,129
9755,129
9756,135
9757,135
9758,126
9759,126
9760,126
9761,124
9762,129
9763,129
9764,137
9765,141
9766,147
9767,149
9768,159
9769,165
9770,175
9771,175
9772,179
9773,191
9774,191
9775,114
9776,64 
9777,80 
9778,82 
9779,84 
9780,96 
9781,92 
9782,88 
9783,80 
9784,78 
9785,78 
9786,80 
9787,80 
9788,72 
9789,72 
9790,64 
9791,58 
9792,58 
9793,68 
9794,80 
9795,80 
9796,60 
9797,56 
9798,42 
9799,40 
9800,38 
9801,32 
9802,36 
9803,38 
9804,155
9805,169
9806,139
9807,135
9808,141
9809,159
9810,159
9811,159
9812,143
9813,78 
9814,36 
9815,32 
9816,40 
9817,40 
9818,40 
9819,40 
9820,44 
9821,50 
9822,48 
9823,50 
9824,38 
9825,60 
9826,44 
9827,56 
9828,36 
9829,36 
9830,38 
9831,60 
9832,60 
9833,50 
9834,32 
9835,34 
9836,64 
9837,76 
9838,94 
9839,94 
9840,102
9841,104
9842,106
9843,108
9844,110
9845,110
9846,110
9847,112
9848,112
9849,112
9850,112
9851,118
9852,122
9853,120
9854,122
9855,122
9856,129
9857,135
9858,122
9859,122
9860,131
9861,129
9862,131
9863,131
9864,139
9865,149
9866,147
9867,149
9868,149
9869,161
9870,175
9871,175
9872,179
9873,193
9874,193
9875,193
9876,80 
9877,78 
9878,80 
9879,82 
9880,98 
9881,98 
9882,96 
9883,92 
9884,82 
9885,80 
9886,80 
9887,80 
9888,68 
9889,66 
9890,64 
9891,60 
9892,64 
9893,82 
9894,80 
9895,70 
9896,56 
9897,30 
9898,34 
9899,38 
9900,38 
9901,0  
9902,32 
9903,36 
9904,36 
9905,155
9906,72 
9907,72 
9908,84 
9909,157
9910,157
9911,143
9912,96 
9913,32 
9914,32 
9915,26 
9916,36 
9917,40 
9918,40 
9919,16 
9920,16 
9921,38 
9922,38 
9923,38 
9924,28 
9925,28 
9926,24 
9927,44 
9928,24 
9929,28 
9930,28 
9931,40 
9932,50 
9933,40 
9934,32 
9935,32 
9936,34 
9937,74 
9938,86 
9939,94 
9940,102
9941,102
9942,102
9943,104
9944,108
9945,108
9946,104
9947,104
9948,106
9949,102
9950,102
9951,102
9952,120
9953,118
9954,118
9955,118
9956,118
9957,114
9958,114
9959,110
9960,122
9961,94 
9962,129
9963,129
9964,135
9965,139
9966,137
9967,139
9968,139
9969,149
9970,161
9971,34 
9972,34 
9973,34 
9974,191
9975,80 
9976,64 
9977,72 
9978,72 
9979,78 
9980,96 
9981,98 
9982,92 
9983,82 
9984,80 
9985,70 
9986,70 
9987,64 
9988,64 
9989,64 
9990,58 
9991,58 
9992,60 
9993,82 
9994,80 
9995,58 
9996,24 
9997,22 
9998,22 
9999,26 
10000,0  
