0  ,0  
0  ,0  
1  ,0  
1  ,0  
2  ,0  
2  ,0  
3  ,0  
3  ,0  
4  ,0  
4  ,0  
5  ,0  
5  ,0  
6  ,0  
6  ,0  
7  ,0  
7  ,0  
8  ,0  
8  ,0  
9  ,0  
9  ,0  
10 ,0  
10 ,0  
11 ,0  
11 ,0  
12 ,0  
12 ,0  
13 ,0  
13 ,0  
14 ,0  
14 ,0  
15 ,0  
15 ,0  
16 ,0  
16 ,0  
17 ,0  
17 ,0  
18 ,0  
18 ,0  
19 ,0  
19 ,0  
20 ,0  
20 ,0  
21 ,0  
21 ,0  
22 ,0  
22 ,0  
23 ,0  
23 ,0  
24 ,0  
24 ,0  
25 ,0  
25 ,0  
26 ,0  
26 ,0  
27 ,0  
27 ,0  
28 ,0  
28 ,0  
29 ,0  
29 ,0  
30 ,0  
30 ,0  
31 ,0  
31 ,0  
32 ,0  
32 ,0  
33 ,0  
33 ,0  
34 ,0  
34 ,0  
35 ,0  
35 ,0  
36 ,0  
36 ,0  
37 ,0  
37 ,0  
38 ,0  
38 ,0  
39 ,0  
39 ,0  
40 ,0  
40 ,0  
41 ,0  
41 ,0  
42 ,0  
42 ,0  
43 ,0  
43 ,0  
44 ,0  
44 ,0  
45 ,0  
45 ,0  
46 ,0  
46 ,0  
47 ,0  
47 ,0  
48 ,0  
48 ,0  
49 ,0  
49 ,0  
50 ,0  
50 ,0  
51 ,0  
51 ,0  
52 ,0  
52 ,0  
53 ,0  
53 ,0  
54 ,0  
54 ,0  
55 ,0  
55 ,0  
56 ,0  
56 ,0  
57 ,0  
57 ,0  
58 ,0  
58 ,0  
59 ,0  
59 ,0  
60 ,0  
60 ,0  
61 ,0  
61 ,0  
62 ,0  
62 ,0  
63 ,137
63 ,137
64 ,135
64 ,135
65 ,217
65 ,217
66 ,131
66 ,131
67 ,143
67 ,143
68 ,159
68 ,159
69 ,163
69 ,163
70 ,86 
70 ,86 
71 ,92 
71 ,92 
72 ,78 
72 ,78 
73 ,8  
73 ,8  
74 ,84 
74 ,84 
75 ,104
75 ,104
76 ,100
76 ,100
77 ,153
77 ,153
78 ,84 
78 ,84 
79 ,118
79 ,118
80 ,118
80 ,118
81 ,112
81 ,112
82 ,114
82 ,114
83 ,112
83 ,112
84 ,129
84 ,129
85 ,112
85 ,112
86 ,112
86 ,112
87 ,104
87 ,104
88 ,106
88 ,106
89 ,110
89 ,110
90 ,100
90 ,100
91 ,96 
91 ,96 
92 ,108
92 ,108
93 ,106
93 ,106
94 ,110
94 ,110
95 ,112
95 ,112
96 ,106
96 ,106
97 ,114
97 ,114
98 ,104
98 ,104
99 ,94 
99 ,94 
100,90 
100,90 
101,126
101,126
102,139
102,139
103,131
103,131
104,137
104,137
105,139
105,139
106,141
106,141
107,137
107,137
108,120
108,120
109,135
109,135
110,191
110,191
111,227
111,227
112,122
112,122
113,98 
113,98 
114,114
114,114
115,106
115,106
116,84 
116,84 
117,110
117,110
118,145
118,145
119,98 
119,98 
120,114
120,114
121,102
121,102
122,147
122,147
123,0  
123,0  
124,0  
124,0  
125,34 
125,34 
126,181
126,181
127,143
127,143
128,149
128,149
129,133
129,133
130,143
130,143
131,118
131,118
132,88 
132,88 
133,74 
133,74 
134,86 
134,86 
135,38 
135,38 
136,74 
136,74 
137,96 
137,96 
138,143
138,143
139,249
139,249
140,100
140,100
141,110
141,110
142,96 
142,96 
143,104
143,104
144,112
144,112
145,112
145,112
146,92 
146,92 
147,92 
147,92 
148,102
148,102
149,110
149,110
150,108
150,108
151,116
151,116
152,108
152,108
153,82 
153,82 
154,96 
154,96 
155,114
155,114
156,108
156,108
157,114
157,114
158,102
158,102
159,90 
159,90 
160,112
160,112
161,100
161,100
162,86 
162,86 
163,98 
163,98 
164,129
164,129
165,155
165,155
166,139
166,139
167,143
167,143
168,135
168,135
169,137
169,137
170,139
170,139
171,129
171,129
172,108
172,108
173,205
173,205
174,179
174,179
175,50 
175,50 
176,96 
176,96 
177,98 
177,98 
178,104
178,104
179,56 
179,56 
180,100
180,100
181,108
181,108
182,114
182,114
183,86 
183,86 
184,44 
184,44 
185,0  
185,0  
186,0  
186,0  
187,137
187,137
188,147
188,147
189,100
189,100
190,126
190,126
191,143
191,143
192,141
192,141
193,143
193,143
194,84 
194,84 
195,231
195,231
196,86 
196,86 
197,86 
197,86 
198,84 
198,84 
199,98 
199,98 
200,100
200,100
201,98 
201,98 
202,108
202,108
203,110
203,110
204,106
204,106
205,94 
205,94 
206,120
206,120
207,76 
207,76 
208,114
208,114
209,104
209,104
210,129
210,129
211,108
211,108
212,141
212,141
213,114
213,114
214,131
214,131
215,205
215,205
216,112
216,112
217,100
217,100
218,112
218,112
219,110
219,110
220,96 
220,96 
221,116
221,116
222,108
222,108
223,110
223,110
224,88 
224,88 
225,88 
225,88 
226,126
226,126
227,149
227,149
228,141
228,141
229,141
229,141
230,139
230,139
231,137
231,137
232,129
232,129
233,133
233,133
234,161
234,161
235,161
235,161
236,213
236,213
237,175
237,175
238,86 
238,86 
239,96 
239,96 
240,94 
240,94 
241,98 
241,98 
242,112
242,112
243,92 
243,92 
244,82 
244,82 
245,36 
245,36 
246,6  
246,6  
247,0  
247,0  
248,0  
248,0  
249,143
249,143
250,157
250,157
251,141
251,141
252,147
252,147
253,145
253,145
254,159
254,159
255,133
255,133
256,82 
256,82 
257,94 
257,94 
258,74 
258,74 
259,90 
259,90 
260,62 
260,62 
261,84 
261,84 
262,100
262,100
263,108
263,108
264,106
264,106
265,106
265,106
266,104
266,104
267,112
267,112
268,112
268,112
269,86 
269,86 
270,201
270,201
271,126
271,126
272,106
272,106
273,110
273,110
274,78 
274,78 
275,106
275,106
276,110
276,110
277,129
277,129
278,108
278,108
279,120
279,120
280,106
280,106
281,98 
281,98 
282,106
282,106
283,239
283,239
284,98 
284,98 
285,108
285,108
286,94 
286,94 
287,88 
287,88 
288,120
288,120
289,135
289,135
290,139
290,139
291,137
291,137
292,137
292,137
293,126
293,126
294,124
294,124
295,129
295,129
296,129
296,129
297,126
297,126
298,209
298,209
299,227
299,227
300,78 
300,78 
301,70 
301,70 
302,100
302,100
303,98 
303,98 
304,102
304,102
305,74 
305,74 
306,36 
306,36 
307,36 
307,36 
308,10 
308,10 
309,0  
309,0  
310,0  
310,0  
311,151
311,151
312,137
312,137
313,116
313,116
314,141
314,141
315,106
315,106
316,131
316,131
317,118
317,118
318,70 
318,70 
319,70 
319,70 
320,78 
320,78 
321,60 
321,60 
322,52 
322,52 
323,96 
323,96 
324,116
324,116
325,78 
325,78 
326,108
326,108
327,118
327,118
328,96 
328,96 
329,12 
329,12 
330,108
330,108
331,106
331,106
332,100
332,100
333,124
333,124
334,72 
334,72 
335,98 
335,98 
336,104
336,104
337,104
337,104
338,100
338,100
339,118
339,118
340,118
340,118
341,110
341,110
342,106
342,106
343,108
343,108
344,108
344,108
345,106
345,106
346,100
346,100
347,124
347,124
348,98 
348,98 
349,84 
349,84 
350,129
350,129
351,143
351,143
352,133
352,133
353,139
353,139
354,137
354,137
355,137
355,137
356,139
356,139
357,135
357,135
358,122
358,122
359,126
359,126
360,149
360,149
361,231
361,231
362,201
362,201
363,92 
363,92 
364,102
364,102
365,106
365,106
366,70 
366,70 
367,235
367,235
368,54 
368,54 
369,56 
369,56 
370,30 
370,30 
371,0  
371,0  
372,0  
372,0  
373,151
373,151
374,143
374,143
375,131
375,131
376,131
376,131
377,143
377,143
378,143
378,143
379,137
379,137
380,86 
380,86 
381,80 
381,80 
382,72 
382,72 
383,76 
383,76 
384,72 
384,72 
385,110
385,110
386,84 
386,84 
387,114
387,114
388,147
388,147
389,112
389,112
390,86 
390,86 
391,108
391,108
392,106
392,106
393,96 
393,96 
394,116
394,116
395,106
395,106
396,106
396,106
397,110
397,110
398,116
398,116
399,163
399,163
400,169
400,169
401,102
401,102
402,98 
402,98 
403,88 
403,88 
404,106
404,106
405,116
405,116
406,110
406,110
407,106
407,106
408,104
408,104
409,88 
409,88 
410,104
410,104
411,88 
411,88 
412,126
412,126
413,122
413,122
414,129
414,129
415,157
415,157
416,169
416,169
417,131
417,131
418,255
418,255
419,131
419,131
420,122
420,122
421,126
421,126
422,106
422,106
423,197
423,197
424,199
424,199
425,122
425,122
426,88 
426,88 
427,70 
427,70 
428,36 
428,36 
429,38 
429,38 
430,40 
430,40 
431,22 
431,22 
432,32 
432,32 
433,0  
433,0  
434,0  
434,0  
435,141
435,141
436,173
436,173
437,120
437,120
438,120
438,120
439,141
439,141
440,141
440,141
441,143
441,143
442,84 
442,84 
443,72 
443,72 
444,80 
444,80 
445,243
445,243
446,86 
446,86 
447,255
447,255
448,88 
448,88 
449,108
449,108
450,64 
450,64 
451,106
451,106
452,108
452,108
453,110
453,110
454,102
454,102
455,135
455,135
456,100
456,100
457,126
457,126
458,116
458,116
459,129
459,129
460,129
460,129
461,135
461,135
462,155
462,155
463,159
463,159
464,173
464,173
465,163
465,163
466,96 
466,96 
467,116
467,116
468,108
468,108
469,80 
469,80 
470,102
470,102
471,100
471,100
472,80 
472,80 
473,88 
473,88 
474,90 
474,90 
475,143
475,143
476,124
476,124
477,114
477,114
478,135
478,135
479,145
479,145
480,129
480,129
481,141
481,141
482,110
482,110
483,118
483,118
484,129
484,129
485,118
485,118
486,207
486,207
487,241
487,241
488,70 
488,70 
489,30 
489,30 
490,4  
490,4  
491,42 
491,42 
492,34 
492,34 
493,42 
493,42 
494,36 
494,36 
495,0  
495,0  
496,0  
496,0  
497,133
497,133
498,141
498,141
499,76 
499,76 
500,114
500,114
501,139
501,139
502,135
502,135
503,139
503,139
504,72 
504,72 
505,253
505,253
506,48 
506,48 
507,78 
507,78 
508,78 
508,78 
509,92 
509,92 
510,98 
510,98 
511,112
511,112
512,112
512,112
513,106
513,106
514,102
514,102
515,118
515,118
516,96 
516,96 
517,221
517,221
518,94 
518,94 
519,112
519,112
520,106
520,106
521,129
521,129
522,137
522,137
523,133
523,133
524,163
524,163
525,165
525,165
526,177
526,177
527,163
527,163
528,169
528,169
529,118
529,118
530,100
530,100
531,98 
531,98 
532,78 
532,78 
533,110
533,110
534,74 
534,74 
535,245
535,245
536,145
536,145
537,106
537,106
538,116
538,116
539,118
539,118
540,124
540,124
541,161
541,161
542,124
542,124
543,118
543,118
544,122
544,122
545,120
545,120
546,129
546,129
547,129
547,129
548,197
548,197
549,227
549,227
550,255
550,255
551,34 
551,34 
552,38 
552,38 
553,38 
553,38 
554,34 
554,34 
555,32 
555,32 
556,68 
556,68 
557,0  
557,0  
558,0  
558,0  
559,165
559,165
560,120
560,120
561,76 
561,76 
562,112
562,112
563,114
563,114
564,141
564,141
565,139
565,139
566,70 
566,70 
567,84 
567,84 
568,58 
568,58 
569,76 
569,76 
570,84 
570,84 
571,88 
571,88 
572,106
572,106
573,90 
573,90 
574,106
574,106
575,102
575,102
576,100
576,100
577,94 
577,94 
578,38 
578,38 
579,96 
579,96 
580,98 
580,98 
581,116
581,116
582,124
582,124
583,108
583,108
584,141
584,141
585,139
585,139
586,153
586,153
587,179
587,179
588,181
588,181
589,175
589,175
590,177
590,177
591,179
591,179
592,161
592,161
593,94 
593,94 
594,80 
594,80 
595,96 
595,96 
596,90 
596,90 
597,82 
597,82 
598,104
598,104
599,137
599,137
600,145
600,145
601,122
601,122
602,245
602,245
603,131
603,131
604,126
604,126
605,118
605,118
606,122
606,122
607,126
607,126
608,126
608,126
609,131
609,131
610,145
610,145
611,32 
611,32 
612,32 
612,32 
613,40 
613,40 
614,52 
614,52 
615,48 
615,48 
616,255
616,255
617,36 
617,36 
618,14 
618,14 
619,0  
619,0  
620,0  
620,0  
621,133
621,133
622,74 
622,74 
623,66 
623,66 
624,118
624,118
625,153
625,153
626,149
626,149
627,124
627,124
628,70 
628,70 
629,72 
629,72 
630,76 
630,76 
631,80 
631,80 
632,74 
632,74 
633,243
633,243
634,90 
634,90 
635,90 
635,90 
636,102
636,102
637,118
637,118
638,108
638,108
639,88 
639,88 
640,120
640,120
641,98 
641,98 
642,102
642,102
643,96 
643,96 
644,98 
644,98 
645,104
645,104
646,116
646,116
647,124
647,124
648,163
648,163
649,163
649,163
650,129
650,129
651,171
651,171
652,175
652,175
653,225
653,225
654,141
654,141
655,219
655,219
656,56 
656,56 
657,90 
657,90 
658,84 
658,84 
659,52 
659,52 
660,135
660,135
661,129
661,129
662,135
662,135
663,86 
663,86 
664,68 
664,68 
665,108
665,108
666,120
666,120
667,129
667,129
668,122
668,122
669,126
669,126
670,124
670,124
671,131
671,131
672,102
672,102
673,0  
673,0  
674,38 
674,38 
675,44 
675,44 
676,52 
676,52 
677,24 
677,24 
678,36 
678,36 
679,32 
679,32 
680,131
680,131
681,0  
681,0  
682,0  
682,0  
683,110
683,110
684,62 
684,62 
685,68 
685,68 
686,78 
686,78 
687,181
687,181
688,153
688,153
689,126
689,126
690,110
690,110
691,78 
691,78 
692,96 
692,96 
693,80 
693,80 
694,82 
694,82 
695,90 
695,90 
696,76 
696,76 
697,122
697,122
698,104
698,104
699,110
699,110
700,90 
700,90 
701,92 
701,92 
702,88 
702,88 
703,102
703,102
704,110
704,110
705,106
705,106
706,116
706,116
707,86 
707,86 
708,133
708,133
709,135
709,135
710,155
710,155
711,161
711,161
712,167
712,167
713,183
713,183
714,199
714,199
715,197
715,197
716,189
716,189
717,201
717,201
718,243
718,243
719,74 
719,74 
720,62 
720,62 
721,80 
721,80 
722,106
722,106
723,141
723,141
724,141
724,141
725,82 
725,82 
726,36 
726,36 
727,94 
727,94 
728,131
728,131
729,124
729,124
730,98 
730,98 
731,114
731,114
732,112
732,112
733,126
733,126
734,40 
734,40 
735,42 
735,42 
736,38 
736,38 
737,16 
737,16 
738,0  
738,0  
739,40 
739,40 
740,52 
740,52 
741,112
741,112
742,205
742,205
743,0  
743,0  
744,0  
744,0  
745,70 
745,70 
746,72 
746,72 
747,68 
747,68 
748,131
748,131
749,133
749,133
750,141
750,141
751,116
751,116
752,80 
752,80 
753,70 
753,70 
754,64 
754,64 
755,80 
755,80 
756,94 
756,94 
757,92 
757,92 
758,12 
758,12 
759,88 
759,88 
760,106
760,106
761,90 
761,90 
762,80 
762,80 
763,92 
763,92 
764,96 
764,96 
765,245
765,245
766,120
766,120
767,135
767,135
768,100
768,100
769,120
769,120
770,100
770,100
771,129
771,129
772,8  
772,8  
773,187
773,187
774,193
774,193
775,193
775,193
776,169
776,169
777,173
777,173
778,183
778,183
779,223
779,223
780,185
780,185
781,213
781,213
782,50 
782,50 
783,72 
783,72 
784,139
784,139
785,135
785,135
786,141
786,141
787,126
787,126
788,36 
788,36 
789,52 
789,52 
790,116
790,116
791,108
791,108
792,122
792,122
793,139
793,139
794,118
794,118
795,24 
795,24 
796,50 
796,50 
797,28 
797,28 
798,34 
798,34 
799,44 
799,44 
800,44 
800,44 
801,24 
801,24 
802,98 
802,98 
803,124
803,124
804,143
804,143
805,0  
805,0  
806,0  
806,0  
807,76 
807,76 
808,82 
808,82 
809,72 
809,72 
810,114
810,114
811,145
811,145
812,145
812,145
813,155
813,155
814,211
814,211
815,68 
815,68 
816,72 
816,72 
817,78 
817,78 
818,68 
818,68 
819,60 
819,60 
820,82 
820,82 
821,98 
821,98 
822,169
822,169
823,88 
823,88 
824,94 
824,94 
825,52 
825,52 
826,86 
826,86 
827,88 
827,88 
828,98 
828,98 
829,120
829,120
830,116
830,116
831,106
831,106
832,104
832,104
833,143
833,143
834,187
834,187
835,124
835,124
836,165
836,165
837,171
837,171
838,191
838,191
839,185
839,185
840,193
840,193
841,201
841,201
842,177
842,177
843,201
843,201
844,155
844,155
845,96 
845,96 
846,126
846,126
847,139
847,139
848,135
848,135
849,108
849,108
850,38 
850,38 
851,40 
851,40 
852,74 
852,74 
853,133
853,133
854,149
854,149
855,131
855,131
856,60 
856,60 
857,48 
857,48 
858,58 
858,58 
859,36 
859,36 
860,32 
860,32 
861,36 
861,36 
862,34 
862,34 
863,80 
863,80 
864,114
864,114
865,135
865,135
866,185
866,185
867,0  
867,0  
868,0  
868,0  
869,74 
869,74 
870,56 
870,56 
871,70 
871,70 
872,102
872,102
873,141
873,141
874,126
874,126
875,139
875,139
876,98 
876,98 
877,56 
877,56 
878,74 
878,74 
879,76 
879,76 
880,86 
880,86 
881,90 
881,90 
882,92 
882,92 
883,108
883,108
884,92 
884,92 
885,84 
885,84 
886,94 
886,94 
887,90 
887,90 
888,106
888,106
889,110
889,110
890,114
890,114
891,98 
891,98 
892,118
892,118
893,86 
893,86 
894,143
894,143
895,157
895,157
896,207
896,207
897,165
897,165
898,177
898,177
899,40 
899,40 
900,177
900,177
901,255
901,255
902,203
902,203
903,183
903,183
904,189
904,189
905,34 
905,34 
906,219
906,219
907,42 
907,42 
908,114
908,114
909,133
909,133
910,110
910,110
911,116
911,116
912,38 
912,38 
913,28 
913,28 
914,36 
914,36 
915,217
915,217
916,171
916,171
917,36 
917,36 
918,44 
918,44 
919,30 
919,30 
920,54 
920,54 
921,22 
921,22 
922,34 
922,34 
923,36 
923,36 
924,52 
924,52 
925,126
925,126
926,131
926,131
927,139
927,139
928,147
928,147
929,0  
929,0  
930,0  
930,0  
931,68 
931,68 
932,76 
932,76 
933,72 
933,72 
934,90 
934,90 
935,141
935,141
936,167
936,167
937,151
937,151
938,68 
938,68 
939,64 
939,64 
940,78 
940,78 
941,94 
941,94 
942,110
942,110
943,96 
943,96 
944,104
944,104
945,90 
945,90 
946,82 
946,82 
947,62 
947,62 
948,102
948,102
949,92 
949,92 
950,104
950,104
951,98 
951,98 
952,126
952,126
953,114
953,114
954,90 
954,90 
955,10 
955,10 
956,133
956,133
957,239
957,239
958,163
958,163
959,169
959,169
960,187
960,187
961,181
961,181
962,181
962,181
963,187
963,187
964,187
964,187
965,177
965,177
966,191
966,191
967,191
967,191
968,187
968,187
969,209
969,209
970,110
970,110
971,124
971,124
972,135
972,135
973,116
973,116
974,40 
974,40 
975,32 
975,32 
976,187
976,187
977,195
977,195
978,205
978,205
979,219
979,219
980,50 
980,50 
981,56 
981,56 
982,86 
982,86 
983,42 
983,42 
984,8  
984,8  
985,28 
985,28 
986,120
986,120
987,114
987,114
988,143
988,143
989,110
989,110
990,131
990,131
991,0  
991,0  
992,0  
992,0  
993,40 
993,40 
994,74 
994,74 
995,72 
995,72 
996,135
996,135
997,147
997,147
998,149
998,149
999,143
999,143
1000,92 
1000,92 
1001,72 
1001,72 
1002,84 
1002,84 
1003,86 
1003,86 
1004,78 
1004,78 
1005,86 
1005,86 
1006,112
1006,112
1007,183
1007,183
1008,84 
1008,84 
1009,96 
1009,96 
1010,94 
1010,94 
1011,90 
1011,90 
1012,90 
1012,90 
1013,118
1013,118
1014,88 
1014,88 
1015,80 
1015,80 
1016,151
1016,151
1017,141
1017,141
1018,139
1018,139
1019,151
1019,151
1020,161
1020,161
1021,173
1021,173
1022,165
1022,165
1023,185
1023,185
1024,177
1024,177
1025,173
1025,173
1026,173
1026,173
1027,185
1027,185
1028,189
1028,189
1029,193
1029,193
1030,70 
1030,70 
1031,191
1031,191
1032,179
1032,179
1033,118
1033,118
1034,143
1034,143
1035,58 
1035,58 
1036,187
1036,187
1037,171
1037,171
1038,197
1038,197
1039,175
1039,175
1040,191
1040,191
1041,239
1041,239
1042,26 
1042,26 
1043,42 
1043,42 
1044,36 
1044,36 
1045,42 
1045,42 
1046,32 
1046,32 
1047,110
1047,110
1048,122
1048,122
1049,114
1049,114
1050,137
1050,137
1051,135
1051,135
1052,149
1052,149
1053,0  
1053,0  
1054,0  
1054,0  
1055,86 
1055,86 
1056,90 
1056,90 
1057,82 
1057,82 
1058,112
1058,112
1059,145
1059,145
1060,147
1060,147
1061,139
1061,139
1062,78 
1062,78 
1063,72 
1063,72 
1064,86 
1064,86 
1065,72 
1065,72 
1066,82 
1066,82 
1067,98 
1067,98 
1068,46 
1068,46 
1069,219
1069,219
1070,118
1070,118
1071,84 
1071,84 
1072,92 
1072,92 
1073,84 
1073,84 
1074,108
1074,108
1075,112
1075,112
1076,126
1076,126
1077,149
1077,149
1078,137
1078,137
1079,151
1079,151
1080,167
1080,167
1081,129
1081,129
1082,147
1082,147
1083,133
1083,133
1084,153
1084,153
1085,159
1085,159
1086,149
1086,149
1087,181
1087,181
1088,181
1088,181
1089,169
1089,169
1090,179
1090,179
1091,193
1091,193
1092,181
1092,181
1093,171
1093,171
1094,181
1094,181
1095,129
1095,129
1096,201
1096,201
1097,187
1097,187
1098,191
1098,191
1099,209
1099,209
1100,183
1100,183
1101,177
1101,177
1102,199
1102,199
1103,213
1103,213
1104,56 
1104,56 
1105,38 
1105,38 
1106,24 
1106,24 
1107,56 
1107,56 
1108,22 
1108,22 
1109,124
1109,124
1110,141
1110,141
1111,133
1111,133
1112,126
1112,126
1113,124
1113,124
1114,126
1114,126
1115,0  
1115,0  
1116,0  
1116,0  
1117,94 
1117,94 
1118,237
1118,237
1119,86 
1119,86 
1120,102
1120,102
1121,149
1121,149
1122,167
1122,167
1123,143
1123,143
1124,90 
1124,90 
1125,66 
1125,66 
1126,74 
1126,74 
1127,60 
1127,60 
1128,72 
1128,72 
1129,88 
1129,88 
1130,80 
1130,80 
1131,195
1131,195
1132,118
1132,118
1133,74 
1133,74 
1134,88 
1134,88 
1135,88 
1135,88 
1136,118
1136,118
1137,96 
1137,96 
1138,98 
1138,98 
1139,116
1139,116
1140,129
1140,129
1141,133
1141,133
1142,165
1142,165
1143,171
1143,171
1144,183
1144,183
1145,165
1145,165
1146,145
1146,145
1147,157
1147,157
1148,161
1148,161
1149,163
1149,163
1150,151
1150,151
1151,195
1151,195
1152,175
1152,175
1153,153
1153,153
1154,163
1154,163
1155,155
1155,155
1156,157
1156,157
1157,183
1157,183
1158,189
1158,189
1159,189
1159,189
1160,173
1160,173
1161,173
1161,173
1162,195
1162,195
1163,195
1163,195
1164,189
1164,189
1165,209
1165,209
1166,30 
1166,30 
1167,42 
1167,42 
1168,34 
1168,34 
1169,54 
1169,54 
1170,108
1170,108
1171,120
1171,120
1172,143
1172,143
1173,151
1173,151
1174,135
1174,135
1175,131
1175,131
1176,143
1176,143
1177,0  
1177,0  
1178,0  
1178,0  
1179,78 
1179,78 
1180,80 
1180,80 
1181,213
1181,213
1182,112
1182,112
1183,161
1183,161
1184,155
1184,155
1185,112
1185,112
1186,74 
1186,74 
1187,58 
1187,58 
1188,80 
1188,80 
1189,80 
1189,80 
1190,60 
1190,60 
1191,92 
1191,92 
1192,96 
1192,96 
1193,201
1193,201
1194,179
1194,179
1195,110
1195,110
1196,106
1196,106
1197,229
1197,229
1198,82 
1198,82 
1199,110
1199,110
1200,106
1200,106
1201,126
1201,126
1202,118
1202,118
1203,135
1203,135
1204,149
1204,149
1205,175
1205,175
1206,225
1206,225
1207,114
1207,114
1208,145
1208,145
1209,139
1209,139
1210,145
1210,145
1211,157
1211,157
1212,151
1212,151
1213,151
1213,151
1214,165
1214,165
1215,173
1215,173
1216,133
1216,133
1217,177
1217,177
1218,185
1218,185
1219,245
1219,245
1220,175
1220,175
1221,199
1221,199
1222,185
1222,185
1223,187
1223,187
1224,177
1224,177
1225,131
1225,131
1226,175
1226,175
1227,28 
1227,28 
1228,44 
1228,44 
1229,38 
1229,38 
1230,34 
1230,34 
1231,80 
1231,80 
1232,116
1232,116
1233,137
1233,137
1234,149
1234,149
1235,124
1235,124
1236,141
1236,141
1237,151
1237,151
1238,135
1238,135
1239,0  
1239,0  
1240,0  
1240,0  
1241,78 
1241,78 
1242,68 
1242,68 
1243,68 
1243,68 
1244,116
1244,116
1245,149
1245,149
1246,153
1246,153
1247,133
1247,133
1248,74 
1248,74 
1249,82 
1249,82 
1250,106
1250,106
1251,72 
1251,72 
1252,231
1252,231
1253,78 
1253,78 
1254,72 
1254,72 
1255,179
1255,179
1256,137
1256,137
1257,118
1257,118
1258,114
1258,114
1259,110
1259,110
1260,112
1260,112
1261,86 
1261,86 
1262,124
1262,124
1263,114
1263,114
1264,100
1264,100
1265,116
1265,116
1266,143
1266,143
1267,131
1267,131
1268,116
1268,116
1269,120
1269,120
1270,155
1270,155
1271,143
1271,143
1272,70 
1272,70 
1273,147
1273,147
1274,143
1274,143
1275,149
1275,149
1276,141
1276,141
1277,151
1277,151
1278,161
1278,161
1279,187
1279,187
1280,183
1280,183
1281,177
1281,177
1282,177
1282,177
1283,203
1283,203
1284,185
1284,185
1285,191
1285,191
1286,133
1286,133
1287,153
1287,153
1288,118
1288,118
1289,36 
1289,36 
1290,42 
1290,42 
1291,0  
1291,0  
1292,46 
1292,46 
1293,129
1293,129
1294,108
1294,108
1295,139
1295,139
1296,137
1296,137
1297,133
1297,133
1298,133
1298,133
1299,139
1299,139
1300,133
1300,133
1301,0  
1301,0  
1302,0  
1302,0  
1303,88 
1303,88 
1304,80 
1304,80 
1305,86 
1305,86 
1306,129
1306,129
1307,173
1307,173
1308,141
1308,141
1309,145
1309,145
1310,78 
1310,78 
1311,64 
1311,64 
1312,78 
1312,78 
1313,68 
1313,68 
1314,102
1314,102
1315,82 
1315,82 
1316,80 
1316,80 
1317,197
1317,197
1318,155
1318,155
1319,133
1319,133
1320,96 
1320,96 
1321,131
1321,131
1322,122
1322,122
1323,118
1323,118
1324,118
1324,118
1325,118
1325,118
1326,112
1326,112
1327,129
1327,129
1328,110
1328,110
1329,247
1329,247
1330,68 
1330,68 
1331,139
1331,139
1332,118
1332,118
1333,126
1333,126
1334,137
1334,137
1335,133
1335,133
1336,74 
1336,74 
1337,124
1337,124
1338,169
1338,169
1339,175
1339,175
1340,175
1340,175
1341,169
1341,169
1342,183
1342,183
1343,179
1343,179
1344,189
1344,189
1345,143
1345,143
1346,193
1346,193
1347,159
1347,159
1348,62 
1348,62 
1349,88 
1349,88 
1350,229
1350,229
1351,42 
1351,42 
1352,28 
1352,28 
1353,40 
1353,40 
1354,38 
1354,38 
1355,122
1355,122
1356,141
1356,141
1357,116
1357,116
1358,129
1358,129
1359,157
1359,157
1360,122
1360,122
1361,135
1361,135
1362,131
1362,131
1363,0  
1363,0  
1364,0  
1364,0  
1365,82 
1365,82 
1366,84 
1366,84 
1367,94 
1367,94 
1368,126
1368,126
1369,143
1369,143
1370,153
1370,153
1371,147
1371,147
1372,86 
1372,86 
1373,46 
1373,46 
1374,74 
1374,74 
1375,76 
1375,76 
1376,66 
1376,66 
1377,80 
1377,80 
1378,66 
1378,66 
1379,185
1379,185
1380,165
1380,165
1381,108
1381,108
1382,92 
1382,92 
1383,100
1383,100
1384,108
1384,108
1385,118
1385,118
1386,110
1386,110
1387,102
1387,102
1388,116
1388,116
1389,74 
1389,74 
1390,122
1390,122
1391,98 
1391,98 
1392,26 
1392,26 
1393,84 
1393,84 
1394,56 
1394,56 
1395,100
1395,100
1396,62 
1396,62 
1397,22 
1397,22 
1398,56 
1398,56 
1399,110
1399,110
1400,195
1400,195
1401,177
1401,177
1402,179
1402,179
1403,167
1403,167
1404,179
1404,179
1405,157
1405,157
1406,197
1406,197
1407,153
1407,153
1408,80 
1408,80 
1409,62 
1409,62 
1410,112
1410,112
1411,189
1411,189
1412,22 
1412,22 
1413,46 
1413,46 
1414,48 
1414,48 
1415,26 
1415,26 
1416,104
1416,104
1417,124
1417,124
1418,129
1418,129
1419,131
1419,131
1420,141
1420,141
1421,141
1421,141
1422,135
1422,135
1423,135
1423,135
1424,129
1424,129
1425,0  
1425,0  
1426,0  
1426,0  
1427,92 
1427,92 
1428,94 
1428,94 
1429,82 
1429,82 
1430,141
1430,141
1431,147
1431,147
1432,157
1432,157
1433,151
1433,151
1434,92 
1434,92 
1435,76 
1435,76 
1436,86 
1436,86 
1437,102
1437,102
1438,90 
1438,90 
1439,104
1439,104
1440,76 
1440,76 
1441,199
1441,199
1442,177
1442,177
1443,118
1443,118
1444,110
1444,110
1445,90 
1445,90 
1446,108
1446,108
1447,118
1447,118
1448,108
1448,108
1449,129
1449,129
1450,92 
1450,92 
1451,98 
1451,98 
1452,38 
1452,38 
1453,34 
1453,34 
1454,58 
1454,58 
1455,80 
1455,80 
1456,28 
1456,28 
1457,96 
1457,96 
1458,38 
1458,38 
1459,118
1459,118
1460,110
1460,110
1461,151
1461,151
1462,169
1462,169
1463,171
1463,171
1464,171
1464,171
1465,169
1465,169
1466,185
1466,185
1467,173
1467,173
1468,66 
1468,66 
1469,82 
1469,82 
1470,96 
1470,96 
1471,133
1471,133
1472,189
1472,189
1473,24 
1473,24 
1474,36 
1474,36 
1475,12 
1475,12 
1476,42 
1476,42 
1477,48 
1477,48 
1478,129
1478,129
1479,141
1479,141
1480,141
1480,141
1481,145
1481,145
1482,139
1482,139
1483,141
1483,141
1484,137
1484,137
1485,124
1485,124
1486,122
1486,122
1487,0  
1487,0  
1488,0  
1488,0  
1489,92 
1489,92 
1490,84 
1490,84 
1491,88 
1491,88 
1492,141
1492,141
1493,153
1493,153
1494,155
1494,155
1495,153
1495,153
1496,86 
1496,86 
1497,30 
1497,30 
1498,76 
1498,76 
1499,84 
1499,84 
1500,80 
1500,80 
1501,74 
1501,74 
1502,96 
1502,96 
1503,60 
1503,60 
1504,163
1504,163
1505,189
1505,189
1506,104
1506,104
1507,116
1507,116
1508,106
1508,106
1509,98 
1509,98 
1510,110
1510,110
1511,122
1511,122
1512,54 
1512,54 
1513,62 
1513,62 
1514,50 
1514,50 
1515,32 
1515,32 
1516,88 
1516,88 
1517,46 
1517,46 
1518,68 
1518,68 
1519,68 
1519,68 
1520,126
1520,126
1521,143
1521,143
1522,175
1522,175
1523,159
1523,159
1524,167
1524,167
1525,145
1525,145
1526,171
1526,171
1527,163
1527,163
1528,30 
1528,30 
1529,78 
1529,78 
1530,106
1530,106
1531,151
1531,151
1532,141
1532,141
1533,187
1533,187
1534,62 
1534,62 
1535,54 
1535,54 
1536,4  
1536,4  
1537,24 
1537,24 
1538,44 
1538,44 
1539,104
1539,104
1540,116
1540,116
1541,147
1541,147
1542,141
1542,141
1543,149
1543,149
1544,126
1544,126
1545,139
1545,139
1546,139
1546,139
1547,133
1547,133
1548,129
1548,129
1549,0  
1549,0  
1550,0  
1550,0  
1551,90 
1551,90 
1552,38 
1552,38 
1553,88 
1553,88 
1554,102
1554,102
1555,153
1555,153
1556,118
1556,118
1557,161
1557,161
1558,98 
1558,98 
1559,50 
1559,50 
1560,88 
1560,88 
1561,80 
1561,80 
1562,66 
1562,66 
1563,66 
1563,66 
1564,94 
1564,94 
1565,62 
1565,62 
1566,211
1566,211
1567,169
1567,169
1568,16 
1568,16 
1569,90 
1569,90 
1570,86 
1570,86 
1571,94 
1571,94 
1572,70 
1572,70 
1573,88 
1573,88 
1574,72 
1574,72 
1575,12 
1575,12 
1576,124
1576,124
1577,38 
1577,38 
1578,36 
1578,36 
1579,64 
1579,64 
1580,70 
1580,70 
1581,84 
1581,84 
1582,159
1582,159
1583,185
1583,185
1584,145
1584,145
1585,163
1585,163
1586,199
1586,199
1587,161
1587,161
1588,181
1588,181
1589,203
1589,203
1590,141
1590,141
1591,44 
1591,44 
1592,20 
1592,20 
1593,120
1593,120
1594,54 
1594,54 
1595,52 
1595,52 
1596,18 
1596,18 
1597,40 
1597,40 
1598,48 
1598,48 
1599,50 
1599,50 
1600,52 
1600,52 
1601,110
1601,110
1602,151
1602,151
1603,153
1603,153
1604,129
1604,129
1605,217
1605,217
1606,139
1606,139
1607,157
1607,157
1608,151
1608,151
1609,133
1609,133
1610,131
1610,131
1611,0  
1611,0  
1612,0  
1612,0  
1613,88 
1613,88 
1614,102
1614,102
1615,76 
1615,76 
1616,110
1616,110
1617,151
1617,151
1618,161
1618,161
1619,149
1619,149
1620,102
1620,102
1621,68 
1621,68 
1622,110
1622,110
1623,80 
1623,80 
1624,88 
1624,88 
1625,80 
1625,80 
1626,110
1626,110
1627,88 
1627,88 
1628,211
1628,211
1629,163
1629,163
1630,98 
1630,98 
1631,60 
1631,60 
1632,133
1632,133
1633,92 
1633,92 
1634,52 
1634,52 
1635,50 
1635,50 
1636,42 
1636,42 
1637,58 
1637,58 
1638,42 
1638,42 
1639,74 
1639,74 
1640,46 
1640,46 
1641,30 
1641,30 
1642,88 
1642,88 
1643,116
1643,116
1644,161
1644,161
1645,169
1645,169
1646,44 
1646,44 
1647,149
1647,149
1648,167
1648,167
1649,173
1649,173
1650,171
1650,171
1651,187
1651,187
1652,159
1652,159
1653,30 
1653,30 
1654,38 
1654,38 
1655,112
1655,112
1656,34 
1656,34 
1657,42 
1657,42 
1658,42 
1658,42 
1659,34 
1659,34 
1660,34 
1660,34 
1661,36 
1661,36 
1662,84 
1662,84 
1663,100
1663,100
1664,139
1664,139
1665,122
1665,122
1666,129
1666,129
1667,139
1667,139
1668,155
1668,155
1669,255
1669,255
1670,141
1670,141
1671,153
1671,153
1672,129
1672,129
1673,0  
1673,0  
1674,0  
1674,0  
1675,98 
1675,98 
1676,84 
1676,84 
1677,106
1677,106
1678,114
1678,114
1679,159
1679,159
1680,151
1680,151
1681,153
1681,153
1682,98 
1682,98 
1683,66 
1683,66 
1684,108
1684,108
1685,102
1685,102
1686,80 
1686,80 
1687,80 
1687,80 
1688,112
1688,112
1689,199
1689,199
1690,147
1690,147
1691,98 
1691,98 
1692,106
1692,106
1693,110
1693,110
1694,54 
1694,54 
1695,46 
1695,46 
1696,38 
1696,38 
1697,32 
1697,32 
1698,36 
1698,36 
1699,50 
1699,50 
1700,72 
1700,72 
1701,92 
1701,92 
1702,26 
1702,26 
1703,133
1703,133
1704,155
1704,155
1705,135
1705,135
1706,159
1706,159
1707,149
1707,149
1708,141
1708,141
1709,143
1709,143
1710,167
1710,167
1711,177
1711,177
1712,64 
1712,64 
1713,187
1713,187
1714,183
1714,183
1715,76 
1715,76 
1716,28 
1716,28 
1717,106
1717,106
1718,40 
1718,40 
1719,42 
1719,42 
1720,44 
1720,44 
1721,54 
1721,54 
1722,38 
1722,38 
1723,38 
1723,38 
1724,120
1724,120
1725,147
1725,147
1726,80 
1726,80 
1727,129
1727,129
1728,114
1728,114
1729,131
1729,131
1730,139
1730,139
1731,135
1731,135
1732,151
1732,151
1733,145
1733,145
1734,137
1734,137
1735,0  
1735,0  
1736,0  
1736,0  
1737,80 
1737,80 
1738,92 
1738,92 
1739,80 
1739,80 
1740,72 
1740,72 
1741,155
1741,155
1742,167
1742,167
1743,193
1743,193
1744,84 
1744,84 
1745,68 
1745,68 
1746,66 
1746,66 
1747,96 
1747,96 
1748,98 
1748,98 
1749,94 
1749,94 
1750,106
1750,106
1751,108
1751,108
1752,98 
1752,98 
1753,149
1753,149
1754,96 
1754,96 
1755,143
1755,143
1756,16 
1756,16 
1757,54 
1757,54 
1758,34 
1758,34 
1759,30 
1759,30 
1760,36 
1760,36 
1761,52 
1761,52 
1762,70 
1762,70 
1763,239
1763,239
1764,72 
1764,72 
1765,137
1765,137
1766,129
1766,129
1767,133
1767,133
1768,157
1768,157
1769,137
1769,137
1770,141
1770,141
1771,151
1771,151
1772,143
1772,143
1773,181
1773,181
1774,187
1774,187
1775,197
1775,197
1776,179
1776,179
1777,82 
1777,82 
1778,54 
1778,54 
1779,58 
1779,58 
1780,46 
1780,46 
1781,30 
1781,30 
1782,40 
1782,40 
1783,227
1783,227
1784,44 
1784,44 
1785,42 
1785,42 
1786,114
1786,114
1787,145
1787,145
1788,141
1788,141
1789,159
1789,159
1790,120
1790,120
1791,106
1791,106
1792,131
1792,131
1793,126
1793,126
1794,118
1794,118
1795,68 
1795,68 
1796,114
1796,114
1797,0  
1797,0  
1798,0  
1798,0  
1799,229
1799,229
1800,122
1800,122
1801,62 
1801,62 
1802,102
1802,102
1803,124
1803,124
1804,159
1804,159
1805,139
1805,139
1806,92 
1806,92 
1807,64 
1807,64 
1808,74 
1808,74 
1809,86 
1809,86 
1810,88 
1810,88 
1811,98 
1811,98 
1812,86 
1812,86 
1813,62 
1813,62 
1814,163
1814,163
1815,157
1815,157
1816,108
1816,108
1817,86 
1817,86 
1818,26 
1818,26 
1819,40 
1819,40 
1820,36 
1820,36 
1821,56 
1821,56 
1822,24 
1822,24 
1823,36 
1823,36 
1824,24 
1824,24 
1825,42 
1825,42 
1826,143
1826,143
1827,157
1827,157
1828,157
1828,157
1829,137
1829,137
1830,64 
1830,64 
1831,155
1831,155
1832,135
1832,135
1833,157
1833,157
1834,169
1834,169
1835,177
1835,177
1836,181
1836,181
1837,193
1837,193
1838,193
1838,193
1839,245
1839,245
1840,34 
1840,34 
1841,52 
1841,52 
1842,78 
1842,78 
1843,46 
1843,46 
1844,70 
1844,70 
1845,92 
1845,92 
1846,38 
1846,38 
1847,112
1847,112
1848,135
1848,135
1849,141
1849,141
1850,126
1850,126
1851,155
1851,155
1852,137
1852,137
1853,143
1853,143
1854,135
1854,135
1855,104
1855,104
1856,110
1856,110
1857,126
1857,126
1858,118
1858,118
1859,0  
1859,0  
1860,0  
1860,0  
1861,82 
1861,82 
1862,60 
1862,60 
1863,80 
1863,80 
1864,98 
1864,98 
1865,169
1865,169
1866,147
1866,147
1867,149
1867,149
1868,90 
1868,90 
1869,48 
1869,48 
1870,104
1870,104
1871,72 
1871,72 
1872,70 
1872,70 
1873,86 
1873,86 
1874,30 
1874,30 
1875,137
1875,137
1876,52 
1876,52 
1877,68 
1877,68 
1878,76 
1878,76 
1879,76 
1879,76 
1880,22 
1880,22 
1881,112
1881,112
1882,46 
1882,46 
1883,52 
1883,52 
1884,26 
1884,26 
1885,92 
1885,92 
1886,38 
1886,38 
1887,76 
1887,76 
1888,177
1888,177
1889,131
1889,131
1890,181
1890,181
1891,120
1891,120
1892,122
1892,122
1893,102
1893,102
1894,90 
1894,90 
1895,126
1895,126
1896,161
1896,161
1897,187
1897,187
1898,175
1898,175
1899,135
1899,135
1900,94 
1900,94 
1901,82 
1901,82 
1902,36 
1902,36 
1903,16 
1903,16 
1904,96 
1904,96 
1905,64 
1905,64 
1906,40 
1906,40 
1907,34 
1907,34 
1908,42 
1908,42 
1909,147
1909,147
1910,151
1910,151
1911,153
1911,153
1912,135
1912,135
1913,124
1913,124
1914,157
1914,157
1915,131
1915,131
1916,133
1916,133
1917,135
1917,135
1918,131
1918,131
1919,106
1919,106
1920,102
1920,102
1921,0  
1921,0  
1922,0  
1922,0  
1923,80 
1923,80 
1924,78 
1924,78 
1925,66 
1925,66 
1926,104
1926,104
1927,153
1927,153
1928,165
1928,165
1929,124
1929,124
1930,88 
1930,88 
1931,68 
1931,68 
1932,78 
1932,78 
1933,82 
1933,82 
1934,82 
1934,82 
1935,112
1935,112
1936,171
1936,171
1937,76 
1937,76 
1938,82 
1938,82 
1939,46 
1939,46 
1940,66 
1940,66 
1941,78 
1941,78 
1942,88 
1942,88 
1943,58 
1943,58 
1944,80 
1944,80 
1945,32 
1945,32 
1946,98 
1946,98 
1947,24 
1947,24 
1948,133
1948,133
1949,191
1949,191
1950,159
1950,159
1951,153
1951,153
1952,62 
1952,62 
1953,40 
1953,40 
1954,44 
1954,44 
1955,22 
1955,22 
1956,40 
1956,40 
1957,122
1957,122
1958,116
1958,116
1959,177
1959,177
1960,165
1960,165
1961,42 
1961,42 
1962,52 
1962,52 
1963,44 
1963,44 
1964,255
1964,255
1965,26 
1965,26 
1966,70 
1966,70 
1967,56 
1967,56 
1968,32 
1968,32 
1969,42 
1969,42 
1970,50 
1970,50 
1971,88 
1971,88 
1972,137
1972,137
1973,129
1973,129
1974,110
1974,110
1975,147
1975,147
1976,131
1976,131
1977,143
1977,143
1978,141
1978,141
1979,131
1979,131
1980,126
1980,126
1981,118
1981,118
1982,106
1982,106
1983,0  
1983,0  
1984,0  
1984,0  
1985,78 
1985,78 
1986,70 
1986,70 
1987,64 
1987,64 
1988,74 
1988,74 
1989,161
1989,161
1990,173
1990,173
1991,175
1991,175
1992,92 
1992,92 
1993,74 
1993,74 
1994,84 
1994,84 
1995,88 
1995,88 
1996,82 
1996,82 
1997,98 
1997,98 
1998,179
1998,179
1999,126
1999,126
2000,38 
2000,38 
2001,76 
2001,76 
2002,64 
2002,64 
2003,60 
2003,60 
2004,108
2004,108
2005,36 
2005,36 
2006,80 
2006,80 
2007,46 
2007,46 
2008,34 
2008,34 
2009,38 
2009,38 
2010,48 
2010,48 
2011,139
2011,139
2012,173
2012,173
2013,68 
2013,68 
2014,40 
2014,40 
2015,36 
2015,36 
2016,34 
2016,34 
2017,191
2017,191
2018,46 
2018,46 
2019,110
2019,110
2020,118
2020,118
2021,191
2021,191
2022,84 
2022,84 
2023,60 
2023,60 
2024,149
2024,149
2025,36 
2025,36 
2026,32 
2026,32 
2027,60 
2027,60 
2028,116
2028,116
2029,48 
2029,48 
2030,38 
2030,38 
2031,34 
2031,34 
2032,112
2032,112
2033,122
2033,122
2034,135
2034,135
2035,133
2035,133
2036,133
2036,133
2037,133
2037,133
2038,137
2038,137
2039,155
2039,155
2040,129
2040,129
2041,124
2041,124
2042,126
2042,126
2043,98 
2043,98 
2044,114
2044,114
2045,0  
2045,0  
2046,0  
2046,0  
2047,100
2047,100
2048,80 
2048,80 
2049,66 
2049,66 
2050,104
2050,104
2051,153
2051,153
2052,181
2052,181
2053,153
2053,153
2054,100
2054,100
2055,80 
2055,80 
2056,86 
2056,86 
2057,120
2057,120
2058,86 
2058,86 
2059,133
2059,133
2060,60 
2060,60 
2061,42 
2061,42 
2062,76 
2062,76 
2063,32 
2063,32 
2064,48 
2064,48 
2065,56 
2065,56 
2066,32 
2066,32 
2067,38 
2067,38 
2068,56 
2068,56 
2069,16 
2069,16 
2070,26 
2070,26 
2071,64 
2071,64 
2072,149
2072,149
2073,221
2073,221
2074,60 
2074,60 
2075,114
2075,114
2076,124
2076,124
2077,104
2077,104
2078,129
2078,129
2079,124
2079,124
2080,133
2080,133
2081,98 
2081,98 
2082,133
2082,133
2083,207
2083,207
2084,149
2084,149
2085,90 
2085,90 
2086,64 
2086,64 
2087,58 
2087,58 
2088,40 
2088,40 
2089,46 
2089,46 
2090,116
2090,116
2091,46 
2091,46 
2092,32 
2092,32 
2093,38 
2093,38 
2094,96 
2094,96 
2095,20 
2095,20 
2096,133
2096,133
2097,129
2097,129
2098,131
2098,131
2099,135
2099,135
2100,147
2100,147
2101,139
2101,139
2102,110
2102,110
2103,126
2103,126
2104,122
2104,122
2105,163
2105,163
2106,235
2106,235
2107,0  
2107,0  
2108,0  
2108,0  
2109,80 
2109,80 
2110,72 
2110,72 
2111,60 
2111,60 
2112,68 
2112,68 
2113,169
2113,169
2114,161
2114,161
2115,163
2115,163
2116,100
2116,100
2117,80 
2117,80 
2118,114
2118,114
2119,86 
2119,86 
2120,84 
2120,84 
2121,42 
2121,42 
2122,34 
2122,34 
2123,22 
2123,22 
2124,48 
2124,48 
2125,22 
2125,22 
2126,60 
2126,60 
2127,100
2127,100
2128,92 
2128,92 
2129,28 
2129,28 
2130,44 
2130,44 
2131,4  
2131,4  
2132,14 
2132,14 
2133,155
2133,155
2134,167
2134,167
2135,90 
2135,90 
2136,98 
2136,98 
2137,135
2137,135
2138,155
2138,155
2139,133
2139,133
2140,38 
2140,38 
2141,145
2141,145
2142,124
2142,124
2143,120
2143,120
2144,98 
2144,98 
2145,193
2145,193
2146,149
2146,149
2147,159
2147,159
2148,88 
2148,88 
2149,70 
2149,70 
2150,40 
2150,40 
2151,26 
2151,26 
2152,139
2152,139
2153,36 
2153,36 
2154,255
2154,255
2155,38 
2155,38 
2156,106
2156,106
2157,135
2157,135
2158,104
2158,104
2159,124
2159,124
2160,129
2160,129
2161,122
2161,122
2162,120
2162,120
2163,106
2163,106
2164,124
2164,124
2165,137
2165,137
2166,189
2166,189
2167,157
2167,157
2168,163
2168,163
2169,0  
2169,0  
2170,0  
2170,0  
2171,66 
2171,66 
2172,72 
2172,72 
2173,30 
2173,30 
2174,100
2174,100
2175,187
2175,187
2176,161
2176,161
2177,129
2177,129
2178,98 
2178,98 
2179,42 
2179,42 
2180,126
2180,126
2181,102
2181,102
2182,62 
2182,62 
2183,48 
2183,48 
2184,38 
2184,38 
2185,64 
2185,64 
2186,30 
2186,30 
2187,34 
2187,34 
2188,26 
2188,26 
2189,56 
2189,56 
2190,12 
2190,12 
2191,86 
2191,86 
2192,34 
2192,34 
2193,38 
2193,38 
2194,78 
2194,78 
2195,169
2195,169
2196,26 
2196,26 
2197,219
2197,219
2198,112
2198,112
2199,124
2199,124
2200,155
2200,155
2201,155
2201,155
2202,124
2202,124
2203,155
2203,155
2204,133
2204,133
2205,120
2205,120
2206,78 
2206,78 
2207,199
2207,199
2208,167
2208,167
2209,126
2209,126
2210,114
2210,114
2211,74 
2211,74 
2212,48 
2212,48 
2213,68 
2213,68 
2214,149
2214,149
2215,32 
2215,32 
2216,52 
2216,52 
2217,78 
2217,78 
2218,129
2218,129
2219,124
2219,124
2220,129
2220,129
2221,122
2221,122
2222,120
2222,120
2223,126
2223,126
2224,122
2224,122
2225,96 
2225,96 
2226,139
2226,139
2227,183
2227,183
2228,161
2228,161
2229,187
2229,187
2230,185
2230,185
2231,0  
2231,0  
2232,0  
2232,0  
2233,62 
2233,62 
2234,56 
2234,56 
2235,44 
2235,44 
2236,86 
2236,86 
2237,147
2237,147
2238,179
2238,179
2239,161
2239,161
2240,92 
2240,92 
2241,70 
2241,70 
2242,98 
2242,98 
2243,70 
2243,70 
2244,96 
2244,96 
2245,52 
2245,52 
2246,44 
2246,44 
2247,62 
2247,62 
2248,34 
2248,34 
2249,60 
2249,60 
2250,14 
2250,14 
2251,76 
2251,76 
2252,42 
2252,42 
2253,78 
2253,78 
2254,20 
2254,20 
2255,60 
2255,60 
2256,227
2256,227
2257,137
2257,137
2258,42 
2258,42 
2259,106
2259,106
2260,100
2260,100
2261,110
2261,110
2262,100
2262,100
2263,149
2263,149
2264,155
2264,155
2265,139
2265,139
2266,133
2266,133
2267,114
2267,114
2268,110
2268,110
2269,155
2269,155
2270,118
2270,118
2271,129
2271,129
2272,133
2272,133
2273,82 
2273,82 
2274,38 
2274,38 
2275,46 
2275,46 
2276,22 
2276,22 
2277,14 
2277,14 
2278,36 
2278,36 
2279,124
2279,124
2280,153
2280,153
2281,133
2281,133
2282,137
2282,137
2283,38 
2283,38 
2284,98 
2284,98 
2285,124
2285,124
2286,114
2286,114
2287,159
2287,159
2288,179
2288,179
2289,177
2289,177
2290,179
2290,179
2291,197
2291,197
2292,191
2292,191
2293,0  
2293,0  
2294,0  
2294,0  
2295,58 
2295,58 
2296,58 
2296,58 
2297,34 
2297,34 
2298,90 
2298,90 
2299,157
2299,157
2300,143
2300,143
2301,163
2301,163
2302,114
2302,114
2303,48 
2303,48 
2304,84 
2304,84 
2305,108
2305,108
2306,92 
2306,92 
2307,62 
2307,62 
2308,68 
2308,68 
2309,72 
2309,72 
2310,34 
2310,34 
2311,20 
2311,20 
2312,28 
2312,28 
2313,72 
2313,72 
2314,88 
2314,88 
2315,72 
2315,72 
2316,20 
2316,20 
2317,139
2317,139
2318,187
2318,187
2319,10 
2319,10 
2320,52 
2320,52 
2321,90 
2321,90 
2322,108
2322,108
2323,116
2323,116
2324,118
2324,118
2325,135
2325,135
2326,147
2326,147
2327,133
2327,133
2328,126
2328,126
2329,112
2329,112
2330,155
2330,155
2331,143
2331,143
2332,167
2332,167
2333,126
2333,126
2334,112
2334,112
2335,46 
2335,46 
2336,54 
2336,54 
2337,46 
2337,46 
2338,124
2338,124
2339,42 
2339,42 
2340,24 
2340,24 
2341,116
2341,116
2342,133
2342,133
2343,135
2343,135
2344,131
2344,131
2345,24 
2345,24 
2346,129
2346,129
2347,120
2347,120
2348,110
2348,110
2349,195
2349,195
2350,189
2350,189
2351,201
2351,201
2352,229
2352,229
2353,195
2353,195
2354,203
2354,203
2355,0  
2355,0  
2356,0  
2356,0  
2357,50 
2357,50 
2358,62 
2358,62 
2359,46 
2359,46 
2360,84 
2360,84 
2361,104
2361,104
2362,155
2362,155
2363,149
2363,149
2364,90 
2364,90 
2365,84 
2365,84 
2366,68 
2366,68 
2367,46 
2367,46 
2368,213
2368,213
2369,54 
2369,54 
2370,249
2370,249
2371,84 
2371,84 
2372,22 
2372,22 
2373,251
2373,251
2374,30 
2374,30 
2375,36 
2375,36 
2376,104
2376,104
2377,24 
2377,24 
2378,151
2378,151
2379,157
2379,157
2380,50 
2380,50 
2381,46 
2381,46 
2382,80 
2382,80 
2383,90 
2383,90 
2384,106
2384,106
2385,110
2385,110
2386,126
2386,126
2387,124
2387,124
2388,135
2388,135
2389,131
2389,131
2390,116
2390,116
2391,102
2391,102
2392,124
2392,124
2393,143
2393,143
2394,221
2394,221
2395,129
2395,129
2396,108
2396,108
2397,32 
2397,32 
2398,52 
2398,52 
2399,22 
2399,22 
2400,104
2400,104
2401,72 
2401,72 
2402,90 
2402,90 
2403,98 
2403,98 
2404,135
2404,135
2405,129
2405,129
2406,129
2406,129
2407,116
2407,116
2408,133
2408,133
2409,102
2409,102
2410,102
2410,102
2411,193
2411,193
2412,185
2412,185
2413,191
2413,191
2414,189
2414,189
2415,195
2415,195
2416,185
2416,185
2417,0  
2417,0  
2418,0  
2418,0  
2419,56 
2419,56 
2420,58 
2420,58 
2421,48 
2421,48 
2422,137
2422,137
2423,147
2423,147
2424,191
2424,191
2425,175
2425,175
2426,104
2426,104
2427,58 
2427,58 
2428,88 
2428,88 
2429,26 
2429,26 
2430,64 
2430,64 
2431,86 
2431,86 
2432,48 
2432,48 
2433,90 
2433,90 
2434,70 
2434,70 
2435,0  
2435,0  
2436,133
2436,133
2437,28 
2437,28 
2438,28 
2438,28 
2439,68 
2439,68 
2440,108
2440,108
2441,20 
2441,20 
2442,48 
2442,48 
2443,18 
2443,18 
2444,90 
2444,90 
2445,80 
2445,80 
2446,209
2446,209
2447,118
2447,118
2448,133
2448,133
2449,126
2449,126
2450,135
2450,135
2451,120
2451,120
2452,124
2452,124
2453,133
2453,133
2454,104
2454,104
2455,143
2455,143
2456,147
2456,147
2457,122
2457,122
2458,66 
2458,66 
2459,32 
2459,32 
2460,58 
2460,58 
2461,26 
2461,26 
2462,38 
2462,38 
2463,126
2463,126
2464,112
2464,112
2465,135
2465,135
2466,120
2466,120
2467,135
2467,135
2468,133
2468,133
2469,122
2469,122
2470,120
2470,120
2471,112
2471,112
2472,149
2472,149
2473,167
2473,167
2474,207
2474,207
2475,195
2475,195
2476,241
2476,241
2477,203
2477,203
2478,197
2478,197
2479,0  
2479,0  
2480,0  
2480,0  
2481,56 
2481,56 
2482,70 
2482,70 
2483,46 
2483,46 
2484,96 
2484,96 
2485,167
2485,167
2486,167
2486,167
2487,173
2487,173
2488,92 
2488,92 
2489,68 
2489,68 
2490,112
2490,112
2491,36 
2491,36 
2492,108
2492,108
2493,42 
2493,42 
2494,66 
2494,66 
2495,66 
2495,66 
2496,66 
2496,66 
2497,70 
2497,70 
2498,60 
2498,60 
2499,38 
2499,38 
2500,122
2500,122
2501,143
2501,143
2502,197
2502,197
2503,42 
2503,42 
2504,18 
2504,18 
2505,38 
2505,38 
2506,84 
2506,84 
2507,86 
2507,86 
2508,118
2508,118
2509,98 
2509,98 
2510,122
2510,122
2511,161
2511,161
2512,131
2512,131
2513,133
2513,133
2514,126
2514,126
2515,131
2515,131
2516,211
2516,211
2517,187
2517,187
2518,126
2518,126
2519,120
2519,120
2520,34 
2520,34 
2521,32 
2521,32 
2522,66 
2522,66 
2523,76 
2523,76 
2524,42 
2524,42 
2525,131
2525,131
2526,122
2526,122
2527,135
2527,135
2528,129
2528,129
2529,135
2529,135
2530,122
2530,122
2531,129
2531,129
2532,120
2532,120
2533,197
2533,197
2534,169
2534,169
2535,177
2535,177
2536,203
2536,203
2537,195
2537,195
2538,163
2538,163
2539,187
2539,187
2540,199
2540,199
2541,0  
2541,0  
2542,0  
2542,0  
2543,54 
2543,54 
2544,52 
2544,52 
2545,40 
2545,40 
2546,92 
2546,92 
2547,139
2547,139
2548,155
2548,155
2549,151
2549,151
2550,118
2550,118
2551,46 
2551,46 
2552,90 
2552,90 
2553,54 
2553,54 
2554,40 
2554,40 
2555,54 
2555,54 
2556,66 
2556,66 
2557,46 
2557,46 
2558,54 
2558,54 
2559,104
2559,104
2560,52 
2560,52 
2561,155
2561,155
2562,175
2562,175
2563,78 
2563,78 
2564,26 
2564,26 
2565,68 
2565,68 
2566,40 
2566,40 
2567,38 
2567,38 
2568,96 
2568,96 
2569,88 
2569,88 
2570,118
2570,118
2571,116
2571,116
2572,129
2572,129
2573,118
2573,118
2574,126
2574,126
2575,129
2575,129
2576,131
2576,131
2577,110
2577,110
2578,155
2578,155
2579,120
2579,120
2580,108
2580,108
2581,120
2581,120
2582,52 
2582,52 
2583,40 
2583,40 
2584,66 
2584,66 
2585,54 
2585,54 
2586,30 
2586,30 
2587,76 
2587,76 
2588,124
2588,124
2589,133
2589,133
2590,129
2590,129
2591,122
2591,122
2592,116
2592,116
2593,114
2593,114
2594,137
2594,137
2595,124
2595,124
2596,169
2596,169
2597,197
2597,197
2598,211
2598,211
2599,199
2599,199
2600,18 
2600,18 
2601,217
2601,217
2602,197
2602,197
2603,0  
2603,0  
2604,0  
2604,0  
2605,34 
2605,34 
2606,52 
2606,52 
2607,88 
2607,88 
2608,108
2608,108
2609,151
2609,151
2610,157
2610,157
2611,126
2611,126
2612,98 
2612,98 
2613,66 
2613,66 
2614,120
2614,120
2615,24 
2615,24 
2616,34 
2616,34 
2617,56 
2617,56 
2618,98 
2618,98 
2619,84 
2619,84 
2620,38 
2620,38 
2621,64 
2621,64 
2622,131
2622,131
2623,167
2623,167
2624,78 
2624,78 
2625,122
2625,122
2626,56 
2626,56 
2627,42 
2627,42 
2628,54 
2628,54 
2629,62 
2629,62 
2630,38 
2630,38 
2631,66 
2631,66 
2632,106
2632,106
2633,110
2633,110
2634,112
2634,112
2635,131
2635,131
2636,110
2636,110
2637,106
2637,106
2638,124
2638,124
2639,165
2639,165
2640,149
2640,149
2641,108
2641,108
2642,135
2642,135
2643,22 
2643,22 
2644,24 
2644,24 
2645,52 
2645,52 
2646,56 
2646,56 
2647,50 
2647,50 
2648,38 
2648,38 
2649,98 
2649,98 
2650,120
2650,120
2651,133
2651,133
2652,129
2652,129
2653,126
2653,126
2654,120
2654,120
2655,114
2655,114
2656,126
2656,126
2657,98 
2657,98 
2658,177
2658,177
2659,201
2659,201
2660,195
2660,195
2661,201
2661,201
2662,197
2662,197
2663,203
2663,203
2664,209
2664,209
2665,0  
2665,0  
2666,0  
2666,0  
2667,40 
2667,40 
2668,46 
2668,46 
2669,66 
2669,66 
2670,116
2670,116
2671,147
2671,147
2672,171
2672,171
2673,149
2673,149
2674,96 
2674,96 
2675,78 
2675,78 
2676,84 
2676,84 
2677,70 
2677,70 
2678,34 
2678,34 
2679,40 
2679,40 
2680,129
2680,129
2681,86 
2681,86 
2682,116
2682,116
2683,96 
2683,96 
2684,149
2684,149
2685,177
2685,177
2686,181
2686,181
2687,48 
2687,48 
2688,60 
2688,60 
2689,60 
2689,60 
2690,48 
2690,48 
2691,50 
2691,50 
2692,94 
2692,94 
2693,46 
2693,46 
2694,86 
2694,86 
2695,108
2695,108
2696,110
2696,110
2697,116
2697,116
2698,122
2698,122
2699,120
2699,120
2700,108
2700,108
2701,118
2701,118
2702,133
2702,133
2703,133
2703,133
2704,48 
2704,48 
2705,38 
2705,38 
2706,56 
2706,56 
2707,56 
2707,56 
2708,52 
2708,52 
2709,40 
2709,40 
2710,60 
2710,60 
2711,133
2711,133
2712,165
2712,165
2713,133
2713,133
2714,139
2714,139
2715,137
2715,137
2716,129
2716,129
2717,129
2717,129
2718,48 
2718,48 
2719,94 
2719,94 
2720,199
2720,199
2721,199
2721,199
2722,203
2722,203
2723,205
2723,205
2724,193
2724,193
2725,193
2725,193
2726,191
2726,191
2727,0  
2727,0  
2728,0  
2728,0  
2729,38 
2729,38 
2730,36 
2730,36 
2731,84 
2731,84 
2732,137
2732,137
2733,167
2733,167
2734,155
2734,155
2735,147
2735,147
2736,124
2736,124
2737,70 
2737,70 
2738,74 
2738,74 
2739,58 
2739,58 
2740,30 
2740,30 
2741,40 
2741,40 
2742,141
2742,141
2743,62 
2743,62 
2744,78 
2744,78 
2745,110
2745,110
2746,62 
2746,62 
2747,175
2747,175
2748,26 
2748,26 
2749,24 
2749,24 
2750,42 
2750,42 
2751,40 
2751,40 
2752,32 
2752,32 
2753,46 
2753,46 
2754,32 
2754,32 
2755,52 
2755,52 
2756,68 
2756,68 
2757,72 
2757,72 
2758,114
2758,114
2759,100
2759,100
2760,112
2760,112
2761,124
2761,124
2762,133
2762,133
2763,147
2763,147
2764,135
2764,135
2765,124
2765,124
2766,38 
2766,38 
2767,24 
2767,24 
2768,42 
2768,42 
2769,46 
2769,46 
2770,62 
2770,62 
2771,56 
2771,56 
2772,241
2772,241
2773,147
2773,147
2774,135
2774,135
2775,133
2775,133
2776,215
2776,215
2777,112
2777,112
2778,100
2778,100
2779,129
2779,129
2780,116
2780,116
2781,108
2781,108
2782,215
2782,215
2783,223
2783,223
2784,201
2784,201
2785,203
2785,203
2786,205
2786,205
2787,193
2787,193
2788,207
2788,207
2789,0  
2789,0  
2790,0  
2790,0  
2791,16 
2791,16 
2792,32 
2792,32 
2793,86 
2793,86 
2794,120
2794,120
2795,147
2795,147
2796,155
2796,155
2797,153
2797,153
2798,129
2798,129
2799,70 
2799,70 
2800,40 
2800,40 
2801,90 
2801,90 
2802,44 
2802,44 
2803,40 
2803,40 
2804,100
2804,100
2805,44 
2805,44 
2806,253
2806,253
2807,104
2807,104
2808,72 
2808,72 
2809,38 
2809,38 
2810,24 
2810,24 
2811,36 
2811,36 
2812,48 
2812,48 
2813,44 
2813,44 
2814,28 
2814,28 
2815,38 
2815,38 
2816,40 
2816,40 
2817,60 
2817,60 
2818,56 
2818,56 
2819,56 
2819,56 
2820,106
2820,106
2821,112
2821,112
2822,120
2822,120
2823,131
2823,131
2824,157
2824,157
2825,112
2825,112
2826,139
2826,139
2827,80 
2827,80 
2828,34 
2828,34 
2829,52 
2829,52 
2830,40 
2830,40 
2831,36 
2831,36 
2832,229
2832,229
2833,74 
2833,74 
2834,48 
2834,48 
2835,155
2835,155
2836,129
2836,129
2837,133
2837,133
2838,135
2838,135
2839,131
2839,131
2840,126
2840,126
2841,114
2841,114
2842,22 
2842,22 
2843,90 
2843,90 
2844,215
2844,215
2845,227
2845,227
2846,199
2846,199
2847,207
2847,207
2848,197
2848,197
2849,189
2849,189
2850,149
2850,149
2851,0  
2851,0  
2852,0  
2852,0  
2853,34 
2853,34 
2854,28 
2854,28 
2855,72 
2855,72 
2856,98 
2856,98 
2857,147
2857,147
2858,165
2858,165
2859,155
2859,155
2860,92 
2860,92 
2861,62 
2861,62 
2862,26 
2862,26 
2863,54 
2863,54 
2864,54 
2864,54 
2865,20 
2865,20 
2866,112
2866,112
2867,26 
2867,26 
2868,135
2868,135
2869,92 
2869,92 
2870,94 
2870,94 
2871,74 
2871,74 
2872,28 
2872,28 
2873,36 
2873,36 
2874,52 
2874,52 
2875,28 
2875,28 
2876,36 
2876,36 
2877,52 
2877,52 
2878,42 
2878,42 
2879,241
2879,241
2880,48 
2880,48 
2881,62 
2881,62 
2882,70 
2882,70 
2883,116
2883,116
2884,116
2884,116
2885,116
2885,116
2886,137
2886,137
2887,143
2887,143
2888,147
2888,147
2889,34 
2889,34 
2890,32 
2890,32 
2891,38 
2891,38 
2892,40 
2892,40 
2893,58 
2893,58 
2894,62 
2894,62 
2895,36 
2895,36 
2896,80 
2896,80 
2897,116
2897,116
2898,78 
2898,78 
2899,104
2899,104
2900,124
2900,124
2901,129
2901,129
2902,129
2902,129
2903,108
2903,108
2904,141
2904,141
2905,151
2905,151
2906,213
2906,213
2907,195
2907,195
2908,207
2908,207
2909,185
2909,185
2910,126
2910,126
2911,22 
2911,22 
2912,52 
2912,52 
2913,0  
2913,0  
2914,0  
2914,0  
2915,46 
2915,46 
2916,8  
2916,8  
2917,255
2917,255
2918,38 
2918,38 
2919,155
2919,155
2920,147
2920,147
2921,153
2921,153
2922,120
2922,120
2923,50 
2923,50 
2924,30 
2924,30 
2925,34 
2925,34 
2926,36 
2926,36 
2927,60 
2927,60 
2928,58 
2928,58 
2929,94 
2929,94 
2930,104
2930,104
2931,36 
2931,36 
2932,135
2932,135
2933,74 
2933,74 
2934,139
2934,139
2935,38 
2935,38 
2936,28 
2936,28 
2937,28 
2937,28 
2938,32 
2938,32 
2939,62 
2939,62 
2940,34 
2940,34 
2941,42 
2941,42 
2942,24 
2942,24 
2943,96 
2943,96 
2944,114
2944,114
2945,108
2945,108
2946,120
2946,120
2947,52 
2947,52 
2948,118
2948,118
2949,118
2949,118
2950,155
2950,155
2951,171
2951,171
2952,185
2952,185
2953,129
2953,129
2954,251
2954,251
2955,32 
2955,32 
2956,84 
2956,84 
2957,58 
2957,58 
2958,46 
2958,46 
2959,120
2959,120
2960,110
2960,110
2961,106
2961,106
2962,88 
2962,88 
2963,203
2963,203
2964,86 
2964,86 
2965,80 
2965,80 
2966,96 
2966,96 
2967,167
2967,167
2968,171
2968,171
2969,195
2969,195
2970,183
2970,183
2971,135
2971,135
2972,36 
2972,36 
2973,50 
2973,50 
2974,90 
2974,90 
2975,0  
2975,0  
2976,0  
2976,0  
2977,120
2977,120
2978,86 
2978,86 
2979,46 
2979,46 
2980,64 
2980,64 
2981,145
2981,145
2982,151
2982,151
2983,129
2983,129
2984,102
2984,102
2985,56 
2985,56 
2986,26 
2986,26 
2987,98 
2987,98 
2988,26 
2988,26 
2989,68 
2989,68 
2990,30 
2990,30 
2991,30 
2991,30 
2992,68 
2992,68 
2993,56 
2993,56 
2994,76 
2994,76 
2995,106
2995,106
2996,66 
2996,66 
2997,42 
2997,42 
2998,38 
2998,38 
2999,40 
2999,40 
3000,34 
3000,34 
3001,46 
3001,46 
3002,40 
3002,40 
3003,52 
3003,52 
3004,44 
3004,44 
3005,98 
3005,98 
3006,116
3006,116
3007,108
3007,108
3008,116
3008,116
3009,118
3009,118
3010,102
3010,102
3011,131
3011,131
3012,163
3012,163
3013,185
3013,185
3014,193
3014,193
3015,193
3015,193
3016,201
3016,201
3017,22 
3017,22 
3018,14 
3018,14 
3019,54 
3019,54 
3020,38 
3020,38 
3021,126
3021,126
3022,110
3022,110
3023,116
3023,116
3024,120
3024,120
3025,102
3025,102
3026,90 
3026,90 
3027,78 
3027,78 
3028,100
3028,100
3029,141
3029,141
3030,0  
3030,0  
3031,201
3031,201
3032,157
3032,157
3033,32 
3033,32 
3034,64 
3034,64 
3035,64 
3035,64 
3036,72 
3036,72 
3037,0  
3037,0  
3038,0  
3038,0  
3039,110
3039,110
3040,112
3040,112
3041,48 
3041,48 
3042,56 
3042,56 
3043,143
3043,143
3044,157
3044,157
3045,141
3045,141
3046,159
3046,159
3047,30 
3047,30 
3048,40 
3048,40 
3049,52 
3049,52 
3050,64 
3050,64 
3051,74 
3051,74 
3052,36 
3052,36 
3053,34 
3053,34 
3054,32 
3054,32 
3055,62 
3055,62 
3056,34 
3056,34 
3057,108
3057,108
3058,70 
3058,70 
3059,40 
3059,40 
3060,34 
3060,34 
3061,48 
3061,48 
3062,26 
3062,26 
3063,46 
3063,46 
3064,40 
3064,40 
3065,30 
3065,30 
3066,44 
3066,44 
3067,94 
3067,94 
3068,90 
3068,90 
3069,120
3069,120
3070,118
3070,118
3071,120
3071,120
3072,129
3072,129
3073,139
3073,139
3074,74 
3074,74 
3075,157
3075,157
3076,181
3076,181
3077,201
3077,201
3078,179
3078,179
3079,195
3079,195
3080,42 
3080,42 
3081,42 
3081,42 
3082,34 
3082,34 
3083,116
3083,116
3084,124
3084,124
3085,139
3085,139
3086,124
3086,124
3087,110
3087,110
3088,46 
3088,46 
3089,100
3089,100
3090,110
3090,110
3091,181
3091,181
3092,203
3092,203
3093,227
3093,227
3094,78 
3094,78 
3095,86 
3095,86 
3096,58 
3096,58 
3097,76 
3097,76 
3098,70 
3098,70 
3099,0  
3099,0  
3100,0  
3100,0  
3101,38 
3101,38 
3102,133
3102,133
3103,124
3103,124
3104,48 
3104,48 
3105,149
3105,149
3106,147
3106,147
3107,143
3107,143
3108,126
3108,126
3109,22 
3109,22 
3110,32 
3110,32 
3111,32 
3111,32 
3112,44 
3112,44 
3113,82 
3113,82 
3114,36 
3114,36 
3115,100
3115,100
3116,56 
3116,56 
3117,82 
3117,82 
3118,76 
3118,76 
3119,82 
3119,82 
3120,52 
3120,52 
3121,90 
3121,90 
3122,18 
3122,18 
3123,58 
3123,58 
3124,255
3124,255
3125,74 
3125,74 
3126,46 
3126,46 
3127,129
3127,129
3128,60 
3128,60 
3129,86 
3129,86 
3130,126
3130,126
3131,108
3131,108
3132,124
3132,124
3133,114
3133,114
3134,129
3134,129
3135,135
3135,135
3136,139
3136,139
3137,155
3137,155
3138,169
3138,169
3139,179
3139,179
3140,195
3140,195
3141,207
3141,207
3142,175
3142,175
3143,34 
3143,34 
3144,40 
3144,40 
3145,137
3145,137
3146,129
3146,129
3147,118
3147,118
3148,110
3148,110
3149,98 
3149,98 
3150,108
3150,108
3151,82 
3151,82 
3152,120
3152,120
3153,203
3153,203
3154,203
3154,203
3155,159
3155,159
3156,48 
3156,48 
3157,86 
3157,86 
3158,104
3158,104
3159,80 
3159,80 
3160,82 
3160,82 
3161,0  
3161,0  
3162,0  
3162,0  
3163,30 
3163,30 
3164,122
3164,122
3165,112
3165,112
3166,28 
3166,28 
3167,153
3167,153
3168,149
3168,149
3169,135
3169,135
3170,124
3170,124
3171,42 
3171,42 
3172,32 
3172,32 
3173,60 
3173,60 
3174,48 
3174,48 
3175,80 
3175,80 
3176,62 
3176,62 
3177,36 
3177,36 
3178,60 
3178,60 
3179,94 
3179,94 
3180,38 
3180,38 
3181,112
3181,112
3182,84 
3182,84 
3183,62 
3183,62 
3184,20 
3184,20 
3185,30 
3185,30 
3186,44 
3186,44 
3187,40 
3187,40 
3188,40 
3188,40 
3189,82 
3189,82 
3190,100
3190,100
3191,110
3191,110
3192,114
3192,114
3193,120
3193,120
3194,116
3194,116
3195,2  
3195,2  
3196,124
3196,124
3197,133
3197,133
3198,139
3198,139
3199,161
3199,161
3200,163
3200,163
3201,175
3201,175
3202,193
3202,193
3203,199
3203,199
3204,201
3204,201
3205,58 
3205,58 
3206,104
3206,104
3207,122
3207,122
3208,124
3208,124
3209,108
3209,108
3210,171
3210,171
3211,129
3211,129
3212,96 
3212,96 
3213,131
3213,131
3214,189
3214,189
3215,207
3215,207
3216,217
3216,217
3217,78 
3217,78 
3218,72 
3218,72 
3219,90 
3219,90 
3220,80 
3220,80 
3221,72 
3221,72 
3222,72 
3222,72 
3223,0  
3223,0  
3224,0  
3224,0  
3225,34 
3225,34 
3226,118
3226,118
3227,129
3227,129
3228,10 
3228,10 
3229,147
3229,147
3230,159
3230,159
3231,167
3231,167
3232,108
3232,108
3233,48 
3233,48 
3234,34 
3234,34 
3235,32 
3235,32 
3236,68 
3236,68 
3237,50 
3237,50 
3238,40 
3238,40 
3239,36 
3239,36 
3240,38 
3240,38 
3241,30 
3241,30 
3242,84 
3242,84 
3243,126
3243,126
3244,108
3244,108
3245,157
3245,157
3246,64 
3246,64 
3247,44 
3247,44 
3248,50 
3248,50 
3249,40 
3249,40 
3250,46 
3250,46 
3251,114
3251,114
3252,70 
3252,70 
3253,78 
3253,78 
3254,116
3254,116
3255,86 
3255,86 
3256,137
3256,137
3257,126
3257,126
3258,129
3258,129
3259,118
3259,118
3260,133
3260,133
3261,131
3261,131
3262,159
3262,159
3263,171
3263,171
3264,185
3264,185
3265,213
3265,213
3266,177
3266,177
3267,6  
3267,6  
3268,104
3268,104
3269,104
3269,104
3270,94 
3270,94 
3271,124
3271,124
3272,114
3272,114
3273,108
3273,108
3274,98 
3274,98 
3275,173
3275,173
3276,181
3276,181
3277,207
3277,207
3278,177
3278,177
3279,86 
3279,86 
3280,76 
3280,76 
3281,88 
3281,88 
3282,78 
3282,78 
3283,82 
3283,82 
3284,60 
3284,60 
3285,0  
3285,0  
3286,0  
3286,0  
3287,26 
3287,26 
3288,106
3288,106
3289,139
3289,139
3290,46 
3290,46 
3291,147
3291,147
3292,28 
3292,28 
3293,157
3293,157
3294,131
3294,131
3295,36 
3295,36 
3296,8  
3296,8  
3297,36 
3297,36 
3298,38 
3298,38 
3299,44 
3299,44 
3300,30 
3300,30 
3301,28 
3301,28 
3302,32 
3302,32 
3303,34 
3303,34 
3304,68 
3304,68 
3305,116
3305,116
3306,96 
3306,96 
3307,64 
3307,64 
3308,42 
3308,42 
3309,60 
3309,60 
3310,245
3310,245
3311,36 
3311,36 
3312,78 
3312,78 
3313,108
3313,108
3314,16 
3314,16 
3315,92 
3315,92 
3316,116
3316,116
3317,114
3317,114
3318,118
3318,118
3319,104
3319,104
3320,124
3320,124
3321,124
3321,124
3322,139
3322,139
3323,141
3323,141
3324,151
3324,151
3325,179
3325,179
3326,187
3326,187
3327,209
3327,209
3328,201
3328,201
3329,205
3329,205
3330,104
3330,104
3331,118
3331,118
3332,112
3332,112
3333,112
3333,112
3334,122
3334,122
3335,106
3335,106
3336,98 
3336,98 
3337,161
3337,161
3338,197
3338,197
3339,201
3339,201
3340,112
3340,112
3341,104
3341,104
3342,80 
3342,80 
3343,70 
3343,70 
3344,76 
3344,76 
3345,74 
3345,74 
3346,78 
3346,78 
3347,0  
3347,0  
3348,0  
3348,0  
3349,26 
3349,26 
3350,102
3350,102
3351,141
3351,141
3352,40 
3352,40 
3353,155
3353,155
3354,161
3354,161
3355,157
3355,157
3356,137
3356,137
3357,56 
3357,56 
3358,40 
3358,40 
3359,40 
3359,40 
3360,24 
3360,24 
3361,46 
3361,46 
3362,56 
3362,56 
3363,40 
3363,40 
3364,64 
3364,64 
3365,44 
3365,44 
3366,50 
3366,50 
3367,114
3367,114
3368,44 
3368,44 
3369,106
3369,106
3370,54 
3370,54 
3371,36 
3371,36 
3372,36 
3372,36 
3373,46 
3373,46 
3374,108
3374,108
3375,108
3375,108
3376,44 
3376,44 
3377,112
3377,112
3378,129
3378,129
3379,129
3379,129
3380,120
3380,120
3381,112
3381,112
3382,116
3382,116
3383,118
3383,118
3384,143
3384,143
3385,135
3385,135
3386,143
3386,143
3387,177
3387,177
3388,217
3388,217
3389,187
3389,187
3390,193
3390,193
3391,231
3391,231
3392,131
3392,131
3393,98 
3393,98 
3394,112
3394,112
3395,118
3395,118
3396,126
3396,126
3397,116
3397,116
3398,120
3398,120
3399,120
3399,120
3400,169
3400,169
3401,199
3401,199
3402,98 
3402,98 
3403,80 
3403,80 
3404,84 
3404,84 
3405,58 
3405,58 
3406,64 
3406,64 
3407,88 
3407,88 
3408,112
3408,112
3409,0  
3409,0  
3410,0  
3410,0  
3411,26 
3411,26 
3412,54 
3412,54 
3413,153
3413,153
3414,42 
3414,42 
3415,143
3415,143
3416,149
3416,149
3417,159
3417,159
3418,110
3418,110
3419,68 
3419,68 
3420,32 
3420,32 
3421,44 
3421,44 
3422,50 
3422,50 
3423,50 
3423,50 
3424,56 
3424,56 
3425,42 
3425,42 
3426,44 
3426,44 
3427,102
3427,102
3428,30 
3428,30 
3429,10 
3429,10 
3430,135
3430,135
3431,60 
3431,60 
3432,26 
3432,26 
3433,34 
3433,34 
3434,30 
3434,30 
3435,46 
3435,46 
3436,108
3436,108
3437,70 
3437,70 
3438,78 
3438,78 
3439,94 
3439,94 
3440,112
3440,112
3441,137
3441,137
3442,124
3442,124
3443,118
3443,118
3444,131
3444,131
3445,116
3445,116
3446,118
3446,118
3447,133
3447,133
3448,149
3448,149
3449,157
3449,157
3450,173
3450,173
3451,187
3451,187
3452,199
3452,199
3453,231
3453,231
3454,48 
3454,48 
3455,34 
3455,34 
3456,76 
3456,76 
3457,58 
3457,58 
3458,82 
3458,82 
3459,116
3459,116
3460,135
3460,135
3461,108
3461,108
3462,209
3462,209
3463,163
3463,163
3464,68 
3464,68 
3465,74 
3465,74 
3466,36 
3466,36 
3467,80 
3467,80 
3468,76 
3468,76 
3469,0  
3469,0  
3470,14 
3470,14 
3471,0  
3471,0  
3472,0  
3472,0  
3473,60 
3473,60 
3474,70 
3474,70 
3475,157
3475,157
3476,54 
3476,54 
3477,151
3477,151
3478,155
3478,155
3479,143
3479,143
3480,78 
3480,78 
3481,32 
3481,32 
3482,34 
3482,34 
3483,36 
3483,36 
3484,34 
3484,34 
3485,24 
3485,24 
3486,201
3486,201
3487,36 
3487,36 
3488,26 
3488,26 
3489,30 
3489,30 
3490,169
3490,169
3491,78 
3491,78 
3492,50 
3492,50 
3493,64 
3493,64 
3494,38 
3494,38 
3495,6  
3495,6  
3496,40 
3496,40 
3497,94 
3497,94 
3498,239
3498,239
3499,32 
3499,32 
3500,102
3500,102
3501,116
3501,116
3502,118
3502,118
3503,137
3503,137
3504,118
3504,118
3505,116
3505,116
3506,112
3506,112
3507,118
3507,118
3508,129
3508,129
3509,137
3509,137
3510,155
3510,155
3511,135
3511,135
3512,177
3512,177
3513,193
3513,193
3514,191
3514,191
3515,203
3515,203
3516,183
3516,183
3517,88 
3517,88 
3518,68 
3518,68 
3519,249
3519,249
3520,40 
3520,40 
3521,32 
3521,32 
3522,255
3522,255
3523,171
3523,171
3524,225
3524,225
3525,116
3525,116
3526,50 
3526,50 
3527,50 
3527,50 
3528,86 
3528,86 
3529,108
3529,108
3530,110
3530,110
3531,8  
3531,8  
3532,40 
3532,40 
3533,0  
3533,0  
3534,0  
3534,0  
3535,54 
3535,54 
3536,116
3536,116
3537,163
3537,163
3538,96 
3538,96 
3539,139
3539,139
3540,133
3540,133
3541,173
3541,173
3542,28 
3542,28 
3543,30 
3543,30 
3544,60 
3544,60 
3545,40 
3545,40 
3546,40 
3546,40 
3547,28 
3547,28 
3548,38 
3548,38 
3549,32 
3549,32 
3550,44 
3550,44 
3551,50 
3551,50 
3552,56 
3552,56 
3553,32 
3553,32 
3554,26 
3554,26 
3555,32 
3555,32 
3556,32 
3556,32 
3557,48 
3557,48 
3558,72 
3558,72 
3559,96 
3559,96 
3560,2  
3560,2  
3561,106
3561,106
3562,86 
3562,86 
3563,126
3563,126
3564,112
3564,112
3565,120
3565,120
3566,118
3566,118
3567,90 
3567,90 
3568,120
3568,120
3569,102
3569,102
3570,118
3570,118
3571,126
3571,126
3572,133
3572,133
3573,147
3573,147
3574,159
3574,159
3575,151
3575,151
3576,189
3576,189
3577,207
3577,207
3578,219
3578,219
3579,80 
3579,80 
3580,82 
3580,82 
3581,78 
3581,78 
3582,56 
3582,56 
3583,48 
3583,48 
3584,195
3584,195
3585,175
3585,175
3586,114
3586,114
3587,26 
3587,26 
3588,52 
3588,52 
3589,64 
3589,64 
3590,72 
3590,72 
3591,62 
3591,62 
3592,86 
3592,86 
3593,60 
3593,60 
3594,46 
3594,46 
3595,0  
3595,0  
3596,0  
3596,0  
3597,64 
3597,64 
3598,108
3598,108
3599,153
3599,153
3600,74 
3600,74 
3601,143
3601,143
3602,159
3602,159
3603,171
3603,171
3604,82 
3604,82 
3605,42 
3605,42 
3606,24 
3606,24 
3607,36 
3607,36 
3608,42 
3608,42 
3609,54 
3609,54 
3610,12 
3610,12 
3611,66 
3611,66 
3612,28 
3612,28 
3613,36 
3613,36 
3614,32 
3614,32 
3615,84 
3615,84 
3616,36 
3616,36 
3617,36 
3617,36 
3618,60 
3618,60 
3619,42 
3619,42 
3620,30 
3620,30 
3621,58 
3621,58 
3622,126
3622,126
3623,88 
3623,88 
3624,129
3624,129
3625,46 
3625,46 
3626,131
3626,131
3627,118
3627,118
3628,137
3628,137
3629,122
3629,122
3630,131
3630,131
3631,122
3631,122
3632,124
3632,124
3633,122
3633,122
3634,139
3634,139
3635,167
3635,167
3636,167
3636,167
3637,153
3637,153
3638,159
3638,159
3639,237
3639,237
3640,209
3640,209
3641,78 
3641,78 
3642,82 
3642,82 
3643,88 
3643,88 
3644,62 
3644,62 
3645,114
3645,114
3646,129
3646,129
3647,120
3647,120
3648,60 
3648,60 
3649,50 
3649,50 
3650,80 
3650,80 
3651,68 
3651,68 
3652,50 
3652,50 
3653,92 
3653,92 
3654,86 
3654,86 
3655,34 
3655,34 
3656,52 
3656,52 
3657,0  
3657,0  
3658,0  
3658,0  
3659,32 
3659,32 
3660,38 
3660,38 
3661,18 
3661,18 
3662,147
3662,147
3663,141
3663,141
3664,161
3664,161
3665,161
3665,161
3666,34 
3666,34 
3667,34 
3667,34 
3668,32 
3668,32 
3669,36 
3669,36 
3670,40 
3670,40 
3671,44 
3671,44 
3672,30 
3672,30 
3673,114
3673,114
3674,36 
3674,36 
3675,36 
3675,36 
3676,92 
3676,92 
3677,76 
3677,76 
3678,0  
3678,0  
3679,34 
3679,34 
3680,40 
3680,40 
3681,90 
3681,90 
3682,100
3682,100
3683,96 
3683,96 
3684,114
3684,114
3685,110
3685,110
3686,98 
3686,98 
3687,116
3687,116
3688,106
3688,106
3689,100
3689,100
3690,131
3690,131
3691,82 
3691,82 
3692,124
3692,124
3693,143
3693,143
3694,255
3694,255
3695,135
3695,135
3696,141
3696,141
3697,135
3697,135
3698,157
3698,157
3699,159
3699,159
3700,185
3700,185
3701,199
3701,199
3702,195
3702,195
3703,153
3703,153
3704,94 
3704,94 
3705,82 
3705,82 
3706,108
3706,108
3707,90 
3707,90 
3708,86 
3708,86 
3709,82 
3709,82 
3710,84 
3710,84 
3711,66 
3711,66 
3712,66 
3712,66 
3713,44 
3713,44 
3714,68 
3714,68 
3715,104
3715,104
3716,249
3716,249
3717,30 
3717,30 
3718,58 
3718,58 
3719,0  
3719,0  
3720,0  
3720,0  
3721,38 
3721,38 
3722,52 
3722,52 
3723,177
3723,177
3724,149
3724,149
3725,129
3725,129
3726,161
3726,161
3727,173
3727,173
3728,72 
3728,72 
3729,28 
3729,28 
3730,42 
3730,42 
3731,36 
3731,36 
3732,241
3732,241
3733,42 
3733,42 
3734,38 
3734,38 
3735,80 
3735,80 
3736,78 
3736,78 
3737,80 
3737,80 
3738,58 
3738,58 
3739,20 
3739,20 
3740,86 
3740,86 
3741,8  
3741,8  
3742,46 
3742,46 
3743,68 
3743,68 
3744,92 
3744,92 
3745,141
3745,141
3746,104
3746,104
3747,112
3747,112
3748,118
3748,118
3749,24 
3749,24 
3750,110
3750,110
3751,141
3751,141
3752,122
3752,122
3753,126
3753,126
3754,120
3754,120
3755,161
3755,161
3756,129
3756,129
3757,137
3757,137
3758,147
3758,147
3759,149
3759,149
3760,153
3760,153
3761,147
3761,147
3762,6  
3762,6  
3763,147
3763,147
3764,209
3764,209
3765,195
3765,195
3766,68 
3766,68 
3767,72 
3767,72 
3768,86 
3768,86 
3769,96 
3769,96 
3770,235
3770,235
3771,112
3771,112
3772,76 
3772,76 
3773,48 
3773,48 
3774,64 
3774,64 
3775,62 
3775,62 
3776,149
3776,149
3777,82 
3777,82 
3778,58 
3778,58 
3779,18 
3779,18 
3780,52 
3780,52 
3781,0  
3781,0  
3782,0  
3782,0  
3783,0  
3783,0  
3784,0  
3784,0  
3785,0  
3785,0  
3786,0  
3786,0  
3787,0  
3787,0  
3788,0  
3788,0  
3789,0  
3789,0  
3790,0  
3790,0  
3791,0  
3791,0  
3792,0  
3792,0  
3793,0  
3793,0  
3794,0  
3794,0  
3795,0  
3795,0  
3796,0  
3796,0  
3797,0  
3797,0  
3798,0  
3798,0  
3799,0  
3799,0  
3800,0  
3800,0  
3801,0  
3801,0  
3802,0  
3802,0  
3803,0  
3803,0  
3804,0  
3804,0  
3805,0  
3805,0  
3806,0  
3806,0  
3807,0  
3807,0  
3808,0  
3808,0  
3809,0  
3809,0  
3810,0  
3810,0  
3811,0  
3811,0  
3812,0  
3812,0  
3813,0  
3813,0  
3814,0  
3814,0  
3815,0  
3815,0  
3816,0  
3816,0  
3817,0  
3817,0  
3818,0  
3818,0  
3819,0  
3819,0  
3820,0  
3820,0  
3821,0  
3821,0  
3822,0  
3822,0  
3823,0  
3823,0  
3824,0  
3824,0  
3825,0  
3825,0  
3826,0  
3826,0  
3827,0  
3827,0  
3828,0  
3828,0  
3829,0  
3829,0  
3830,0  
3830,0  
3831,0  
3831,0  
3832,0  
3832,0  
3833,0  
3833,0  
3834,0  
3834,0  
3835,0  
3835,0  
3836,0  
3836,0  
3837,0  
3837,0  
3838,0  
3838,0  
3839,0  
3839,0  
3840,0  
3840,0  
3841,0  
3841,0  
3842,0  
3842,0  
3843,0  
3843,0  
